1558 1567 0
1560 1570 0
1567 1574 0
1632 1818 0
1632 1866 0
1673 1698 0
1819 1836 0
1819 1866 0
1558 1567 1
1567 1574 1
1632 1818 1
1632 1866 1
1673 1698 1
1741 1820 1
1809 1822 1
1819 1836 1
1558 1564 2
1558 1567 2
1560 1570 2
1564 1567 2
1564 1574 2
1567 1574 2
1632 1866 2
1673 1698 2
1741 1820 2
1768 1783 2
1802 1805 2
1802 1831 2
1503 1545 3
1558 1564 3
1558 1567 3
1564 1567 3
1564 1574 3
1567 1574 3
1632 1818 3
1632 1819 3
1632 1866 3
1673 1698 3
1757 1760 3
1802 1805 3
1459 1516 4
1558 1567 4
1567 1574 4
1617 1641 4
1632 1866 4
1673 1698 4
1757 1761 4
1809 1822 4
1452 1498 5
1452 1520 5
1468 1520 5
1498 1520 5
1502 1522 5
1503 1539 5
1617 1641 5
1643 1648 5
1673 1698 5
1752 1778 5
1761 1783 5
1766 1770 5
1767 1787 5
1774 1778 5
1452 1477 6
1452 1483 6
1452 1498 6
1457 1468 6
1457 1502 6
1459 1483 6
1459 1498 6
1459 1520 6
1468 1520 6
1477 1498 6
1479 1502 6
1503 1539 6
1558 1567 6
1567 1574 6
1606 1616 6
1613 1628 6
1617 1641 6
1643 1648 6
1673 1698 6
1723 1809 6
1723 1822 6
1757 1783 6
1757 1792 6
1767 1787 6
1809 1822 6
1451 1493 7
1451 1495 7
1452 1458 7
1452 1477 7
1452 1498 7
1452 1520 7
1458 1461 7
1458 1477 7
1459 1483 7
1459 1498 7
1461 1493 7
1461 1495 7
1477 1520 7
1483 1498 7
1483 1520 7
1493 1495 7
1498 1520 7
1503 1539 7
1560 1570 7
1606 1616 7
1617 1641 7
1632 1818 7
1673 1698 7
1723 1822 7
1767 1787 7
1802 1835 7
1452 1458 8
1452 1477 8
1452 1522 8
1453 1457 8
1458 1461 8
1458 1477 8
1458 1502 8
1459 1498 8
1459 1520 8
1461 1502 8
1468 1522 8
1477 1522 8
1479 1495 8
1498 1520 8
1558 1564 8
1560 1570 8
1564 1567 8
1564 1574 8
1567 1574 8
1632 1818 8
1643 1648 8
1673 1698 8
1711 1759 8
1723 1822 8
1741 1782 8
1741 1801 8
1757 1792 8
1766 1772 8
1767 1787 8
1774 1775 8
1802 1805 8
1802 1831 8
1805 1831 8
1452 1477 9
1452 1498 9
1452 1520 9
1453 1502 9
1453 1522 9
1459 1498 9
1477 1520 9
1498 1520 9
1503 1539 9
1516 1522 9
1558 1564 9
1562 1570 9
1564 1574 9
1606 1616 9
1613 1616 9
1617 1641 9
1632 1818 9
1632 1866 9
1643 1648 9
1673 1698 9
1711 1759 9
1723 1822 9
1748 1822 9
1757 1792 9
1767 1787 9
1774 1775 9
1452 1459 10
1452 1477 10
1453 1493 10
1457 1468 10
1457 1522 10
1459 1498 10
1459 1520 10
1461 1479 10
1468 1516 10
1468 1522 10
1493 1502 10
1498 1520 10
1558 1564 10
1564 1574 10
1613 1616 10
1617 1911 10
1632 1818 10
1643 1648 10
1673 1698 10
1766 1772 10
1774 1775 10
1802 1805 10
1452 1477 11
1452 1520 11
1453 1457 11
1453 1493 11
1459 1498 11
1461 1479 11
1468 1502 11
1468 1522 11
1477 1483 11
1483 1520 11
1493 1502 11
1498 1520 11
1503 1539 11
1558 1564 11
1560 1570 11
1564 1574 11
1603 1643 11
1617 1641 11
1632 1818 11
1632 1866 11
1643 1648 11
1673 1698 11
1766 1772 11
1774 1775 11
1452 1477 12
1452 1520 12
1459 1498 12
1498 1520 12
1501 1502 12
1503 1545 12
1613 1616 12
1643 1648 12
1673 1698 12
1711 1759 12
1766 1772 12
1767 1787 12
1774 1775 12
1802 1805 12
1819 1836 12
1835 1857 12
1836 1866 12
1452 1458 13
1452 1520 13
1458 1493 13
1459 1498 13
1483 1520 13
1498 1520 13
1632 1818 13
1632 1866 13
1673 1698 13
1723 1822 13
1766 1772 13
1767 1787 13
1774 1775 13
1805 1831 13
1819 1866 13
1831 1866 13
1452 1458 14
1452 1477 14
1453 1458 14
1453 1520 14
1458 1477 14
1461 1516 14
1468 1502 14
1560 1570 14
1606 1616 14
1609 1911 14
1632 1818 14
1673 1698 14
1774 1775 14
1439 1486 15
1453 1493 15
1503 1539 15
1560 1594 15
1673 1698 15
1698 1745 15
1711 1752 15
1723 1809 15
1723 1822 15
1757 1792 15
1774 1775 15
1802 1805 15
1809 1822 15
1428 1471 16
1428 1563 16
1428 1592 16
1458 1477 16
1603 1613 16
1625 1628 16
1757 1792 16
1774 1775 16
1805 1847 16
1430 1482 17
1558 1564 17
1558 1567 17
1564 1567 17
1564 1574 17
1567 1574 17
1617 1641 17
1723 1822 17
1757 1792 17
1767 1787 17
1774 1775 17
1809 1822 17
1818 1866 17
1428 1451 18
1430 1435 18
1430 1489 18
1558 1567 18
1567 1574 18
1585 1824 18
1617 1641 18
1625 1628 18
1630 1821 18
1757 1792 18
1774 1775 18
1803 1821 18
1427 1465 19
1431 1465 19
1465 1585 19
1477 1578 19
1558 1564 19
1558 1567 19
1564 1567 19
1564 1574 19
1567 1574 19
1567 1594 19
1606 1616 19
1632 1805 19
1697 1765 19
1711 1752 19
1757 1792 19
1774 1775 19
1805 1866 19
1835 1836 19
1426 1471 20
1427 1429 20
1477 1578 20
1625 1852 20
1697 1765 20
1711 1759 20
1723 1822 20
1757 1792 20
1774 1775 20
1558 1564 21
1564 1567 21
1564 1574 21
1567 1574 21
1603 1643 21
1604 1913 21
1606 1616 21
1613 1902 21
1617 1919 21
1630 1803 21
1630 1888 21
1641 1919 21
1643 1648 21
1697 1765 21
1723 1822 21
1757 1792 21
1774 1775 21
1852 1902 21
1911 1916 21
1913 1922 21
1426 1471 22
1458 1477 22
1458 1489 22
1458 1493 22
1458 1578 22
1477 1578 22
1558 1564 22
1558 1567 22
1564 1567 22
1564 1574 22
1567 1574 22
1603 1643 22
1603 1922 22
1609 1917 22
1617 1641 22
1625 1628 22
1625 1902 22
1632 1895 22
1643 1913 22
1643 1922 22
1723 1822 22
1757 1792 22
1774 1775 22
1807 1880 22
1818 1895 22
1821 1885 22
1885 1895 22
1911 1916 22
1913 1922 22
1426 1471 23
1458 1477 23
1498 1520 23
1558 1564 23
1564 1574 23
1606 1616 23
1609 1917 23
1625 1628 23
1714 1763 23
1723 1822 23
1741 1820 23
1757 1792 23
1774 1775 23
1831 1888 23
1426 1471 24
1477 1578 24
1558 1564 24
1558 1567 24
1560 1594 24
1564 1567 24
1564 1574 24
1567 1574 24
1609 1917 24
1625 1628 24
1695 1920 24
1697 1765 24
1757 1792 24
1774 1775 24
1831 1888 24
1888 1892 24
1426 1471 25
1477 1578 25
1500 1539 25
1625 1902 25
1632 1819 25
1663 1698 25
1684 1698 25
1698 1920 25
1723 1809 25
1757 1792 25
1774 1775 25
1809 1822 25
1831 1888 25
1426 1471 26
1545 1548 26
1545 1549 26
1545 1815 26
1548 1549 26
1548 1815 26
1625 1628 26
1663 1684 26
1663 1698 26
1682 1687 26
1723 1822 26
1757 1792 26
1774 1775 26
1831 1888 26
1426 1471 27
1458 1578 27
1545 1653 27
1613 1907 27
1625 1628 27
1656 1670 27
1656 1681 27
1666 1674 27
1670 1674 27
1681 1745 27
1684 1698 27
1757 1792 27
1774 1775 27
1802 1803 27
1831 1888 27
1426 1471 28
1500 1705 28
1503 1524 28
1560 1594 28
1606 1616 28
1613 1907 28
1617 1641 28
1625 1628 28
1656 1675 28
1663 1698 28
1680 1908 28
1711 1752 28
1723 1822 28
1757 1792 28
1774 1775 28
1831 1888 28
1911 1916 28
1913 1922 28
1426 1471 29
1504 1653 29
1539 1705 29
1539 1837 29
1560 1594 29
1606 1616 29
1661 1695 29
1666 1696 29
1682 1920 29
1688 1745 29
1705 1837 29
1714 1763 29
1714 1843 29
1723 1822 29
1757 1792 29
1774 1775 29
1807 1880 29
1809 1822 29
1852 1902 29
1426 1471 30
1532 1549 30
1532 1815 30
1539 1705 30