1 2 0
1 2 1
1 2 2
3 4 2
3 4 3
4 3 4
5 6 4
5 7 4
5 8 4
8 6 4
8 7 4
6 7 4
5 6 5
5 8 5
8 6 5
8 7 5
6 7 5
5 6 6
5 7 6
5 8 6
8 6 6
8 7 6
6 7 6
5 6 7
5 7 7
5 8 7
8 6 7
8 7 7
6 7 7
5 6 8
5 8 8
8 6 8
8 7 8
6 7 8
8 6 10
6 7 11
8 6 13
9 10 14
9 11 14
4 3 14
3 1 14
11 10 14
9 10 15
9 12 15
9 11 15
11 13 15
11 10 15
11 12 15
12 13 15
12 10 15
4 3 15
8 7 15
13 10 15
6 7 15
9 10 16
9 12 16
9 11 16
11 10 16
11 12 16
4 3 16
12 10 16
9 11 17
9 12 17
9 10 18
5 8 18
8 7 19
9 10 20
9 11 20
14 15 20
14 16 20
15 16 20
8 6 20
11 10 20
9 11 21
12 13 21
5 6 21
14 15 21
15 16 21
8 6 21
14 15 22
8 6 22
5 6 22
17 1 23
14 16 23
8 6 23
9 11 24
18 19 24
18 20 24
1 11 24
9 11 25
19 20 25
17 1 25
18 20 25
1 11 25
19 18 26
18 20 26
9 1 27
9 11 27
9 10 27
9 8 27
17 1 27
1 14 27
11 10 27
6 7 27
9 11 28
9 10 28
17 12 28
10 15 28
15 14 28
14 16 28
8 6 28
6 7 28
14 16 29
14 15 29
8 6 29
16 12 29
9 11 30
12 15 30
12 14 30
3 4 30
18 20 30
17 1 30
14 16 30
14 15 30
15 16 30
8 7 30
10 11 30
6 7 30
9 11 31
9 10 31
17 1 31
8 6 31
8 7 31
9 10 32
9 11 32
17 1 32
11 10 32
9 11 33
19 12 33
17 1 33
1 12 33
6 7 33
7 6 34
7 8 34
4 6 34
4 3 34
4 8 34
3 8 34
18 19 34
18 20 34
14 15 34
1 12 34
20 19 34
8 6 34
11 19 34
9 11 35
4 6 35
4 7 35
4 8 35
14 15 35
20 19 35
8 7 35
6 7 35
9 10 36
4 6 36
4 7 36
4 8 36
14 15 36
6 7 36
9 10 37
14 15 37
14 16 37
4 8 37
8 7 37
6 7 37
9 10 38
9 11 38
19 20 38
18 20 38
4 6 38
4 7 38
4 8 38
14 15 38
8 6 38
8 7 38
9 11 39
14 15 39
14 16 39
4 6 39
4 8 39
8 6 39
8 7 39
6 7 39
4 6 40
4 8 40
5 6 40
14 15 40
8 6 40
4 8 41
14 16 41
14 15 41
11 10 41
4 6 42
4 8 42
14 15 42
15 16 42
8 6 42
13 12 43
4 3 43
8 6 43
4 3 44
6 8 44
14 15 44
20 18 44
14 16 45
8 6 45
9 10 46
9 11 46
14 8 46
18 15 46
8 6 46
11 10 46
14 16 47
14 15 47
17 8 47
16 15 47
10 9 47
8 7 47
21 22 48
14 16 48
14 15 48
17 11 48
1 2 48
16 15 48
19 18 48
6 8 48
15 8 48
17 1 49
17 11 49
18 20 49
9 11 49
15 8 49
9 11 50
18 19 50
18 20 50
17 1 50
14 15 51
17 1 51
18 20 51
18 4 51
9 11 51
17 1 52
10 9 52
23 24 52
23 25 52
24 25 52
18 4 52
9 11 52
14 15 53
26 25 53
26 24 53
26 23 53
16 15 53
23 25 53
23 24 53
24 25 53
26 23 54
17 1 54
17 8 54
3 18 54
19 18 54
23 25 54
24 25 54
18 20 54
11 9 54
4 20 54
26 23 55
17 1 55
17 8 55
19 18 55
23 25 55
18 20 55
14 16 56
16 15 56
10 9 56
19 18 56
23 25 56
24 25 56
11 9 56
8 6 56
21 22 57
14 16 57
26 23 57
17 1 57
19 18 57
21 22 58
14 16 58
26 23 58
24 25 58
18 20 58
9 11 58
21 22 59
14 16 59
14 15 59
3 4 59
16 15 59
10 9 59
24 25 59
14 15 60
14 16 60
26 24 60
17 1 60
17 9 60
3 4 60
16 15 60
23 25 60
11 9 60
21 22 61
14 16 61
26 24 61
26 25 61
17 1 61
16 15 61
10 9 61
10 11 61
24 25 61
14 15 62
17 1 62
10 11 62
21 22 63
14 15 63
12 4 63
17 1 63
10 11 63
18 20 63
4 20 63
8 6 63
8 7 63
21 22 64
17 1 64
18 20 64
8 6 64
27 28 65
27 29 65
28 29 65
14 15 65
17 1 65
18 20 65
21 22 66
27 28 66
27 29 66
28 29 66
17 1 66
22 4 66
16 15 66
18 20 66
9 11 66
21 22 67
28 27 67
28 29 67
14 20 67
14 18 67
17 1 67
29 27 67
10 11 67
11 9 67
14 15 68
17 1 68
18 20 68
5 7 69
14 15 69
17 1 69
10 9 69
19 20 69
11 9 69
17 1 70
10 11 70
19 20 70
23 25 70
9 11 70
14 15 71
17 1 71
5 7 71
23 25 71
18 20 71
11 9 71
25 15 71
14 15 72
14 16 72
17 1 72
16 15 72
18 20 72
11 9 72
8 6 72
27 28 73
14 15 73
16 15 73
19 6 73
6 8 73
9 11 73
27 28 74
14 25 74
10 9 74
19 20 74
18 20 74
27 4 75
26 23 75
16 15 75
19 8 75
19 18 75
8 6 75
17 1 76
23 25 76
18 20 76
11 9 76
14 16 77
17 1 77
19 20 77
19 18 77
18 20 77
30 31 77
6 8 77
9 11 77
5 7 78
28 27 78
17 1 78
19 20 78
19 18 78
18 20 78
30 31 78
11 9 78
8 6 78
27 28 79
3 4 79
5 7 79
19 20 79
19 18 79
18 20 79
6 8 79
5 7 80
3 4 80
16 15 80
19 18 80
18 20 80
11 9 80
8 6 80
5 7 81
17 1 81
3 4 81
19 20 81
18 20 81
8 6 81
8 7 81
27 28 82
14 16 82
14 15 82
17 1 82
5 6 82
16 15 82
18 20 82
8 6 82
8 7 82
14 15 83
14 16 83
17 1 83
3 4 83
3 23 83
16 15 83
18 20 83
8 6 83
18 20 84
30 31 84
11 9 84
8 6 84
5 6 85
5 7 85
5 8 85
3 4 85
10 11 85
18 20 85
30 31 85
6 7 85
6 8 85
9 11 85
8 7 85
5 8 86
16 15 86
10 11 86
18 20 86
11 9 86
8 6 86
28 25 87
17 1 87
10 11 87
19 20 87
23 24 87
9 11 87
28 25 88
14 16 88
3 4 88
16 15 88
10 11 88
19 20 88
23 24 88
24 25 88
9 11 88
14 16 89
17 1 89
3 4 89
16 15 89
10 9 89
10 11 89
23 24 89
23 25 89
9 11 89
14 16 90
26 25 90
26 23 90
17 1 90
17 4 90
3 4 90
16 15 90
10 11 90
23 24 90
9 11 90
26 23 91
17 1 91
19 23 91
23 20 91
23 25 91
18 20 91
26 25 92
3 4 92
23 20 92
23 25 92
23 18 92
14 15 93
26 25 93
5 6 93
5 7 93
23 25 93
18 20 93
6 7 93
5 7 94
5 20 94
10 11 94
18 7 94
18 20 94
5 6 95
5 7 95
14 16 95
26 24 95
16 15 95
19 6 95
19 7 95
6 7 95
5 7 96
16 15 96
11 9 96
21 22 97
5 6 97
5 7 97
5 8 97
14 16 97
12 13 97
26 24 97
10 11 97
13 25 97
30 31 97
6 7 97
6 8 97
9 11 97
8 7 97
3 4 98
5 6 98
5 7 98
5 8 98
5 18 98
16 15 98
18 6 98
18 7 98
18 8 98
6 7 98
6 8 98
9 11 98
8 7 98
14 15 99
26 25 99
5 18 99
16 15 99
10 11 99
18 6 99
18 8 99
11 9 99
8 6 99
8 7 99
6 7 99
14 15 100
16 15 100
10 11 100
18 6 100
18 8 100
6 8 100
9 11 100
32 8 100
14 16 101
14 15 101
16 15 101
10 9 101
23 24 101
18 7 101
11 9 101
32 7 101
6 7 101
5 18 102
14 15 102
14 16 102
17 1 102
22 25 102
16 15 102
10 9 102
10 11 102
18 6 102
9 11 102
5 8 103
17 1 103
6 8 103
9 11 103
8 7 103
5 8 104
5 18 104
10 11 104
18 6 104
18 8 104
6 8 104
8 7 104
12 13 105
17 1 105
18 6 105
18 7 105
6 7 105
8 7 105
12 13 106
5 7 106
5 18 106
10 9 106
10 11 106
18 6 106
18 8 106
6 7 106
6 8 106
9 11 106
5 6 107
10 11 107
18 6 107
18 8 107
6 7 107
6 8 107
9 11 107
8 7 107
27 28 108
18 6 108
6 8 108
17 1 109
5 7 109
33 32 109
33 20 109
33 34 109
18 6 109
18 8 109
30 31 109
32 20 109
32 34 109
34 20 109
6 7 109
5 8 110
12 24 110
26 23 110
17 1 110
33 32 110
33 20 110
33 34 110
18 7 110
18 8 110
32 20 110
32 34 110
34 20 110
8 6 110
8 7 110
6 7 110
12 25 111
17 1 111
5 6 111
5 7 111
33 20 111
33 34 111
18 6 111
18 8 111
30 31 111
32 20 111
34 20 111
8 6 111
8 7 111
6 7 111
5 8 112
12 25 112
17 8 112
33 32 112
18 6 112
18 7 112
18 8 112
30 31 112
32 20 112
34 20 112
8 7 112
5 18 113
12 13 113
26 11 113
10 9 113
33 32 113
33 20 113
18 1 113
32 20 113
5 7 114
12 13 114
12 9 114
12 11 114
10 9 114
10 11 114
33 20 114
30 31 114
9 11 114
34 20 114
5 7 115
5 8 115
5 18 115
12 13 115
18 1 115
18 6 115
18 8 115
1 6 115
30 31 115
11 9 115
8 6 115
8 7 115
6 7 115
5 7 116
5 8 116
28 27 116
12 13 116
33 20 116
30 31 116
9 11 116
8 7 116
5 8 117
12 13 117
17 1 117
18 6 117
18 7 117
18 8 117
11 9 117
34 20 117
8 7 117
6 7 117
12 13 118
9 11 118
34 20 118
21 22 119
5 7 119
12 13 119
26 24 119
17 1 119
33 32 119
33 7 119
33 34 119
18 6 119
18 20 119
18 8 119
18 34 119
6 20 119
6 8 119
9 11 119
34 7 119
34 20 119
20 8 119
5 7 120
28 27 120
28 29 120
17 1 120
33 20 120
33 34 120
18 6 120
18 7 120
18 20 120
18 8 120
1 2 120
6 8 120
9 11 120
32 34 120
34 20 120
34 7 120
5 8 121
28 27 121
33 34 121
18 7 121
18 8 121
30 4 121
11 9 121
34 20 121
8 7 121
27 28 122
17 1 122
18 6 122
18 7 122
18 8 122
30 6 122
6 7 122
6 8 122
9 11 122
8 7 122
27 28 123
17 1 123
5 6 123
5 8 123
18 6 123
18 7 123
18 8 123
6 8 123
9 11 123
34 4 123
8 7 123
27 28 124
17 1 124
5 8 124
33 34 124
18 7 124
18 8 124
11 9 124
32 34 124
8 6 124
8 7 124
5 8 125
17 1 125
17 2 125
33 1 125
33 34 125
18 6 125
18 7 125
18 8 125
1 20 125
11 9 125
32 20 125
8 6 125
8 7 125
6 7 125
5 8 126
5 18 126
17 2 126
18 7 126
18 8 126
6 7 126
6 8 126
9 11 126
32 34 126
17 1 127
17 2 127
5 8 127
33 34 127
23 25 127
18 8 127
6 8 127
32 20 127
32 34 127
34 20 127
17 1 128
17 2 128
5 8 128
33 34 128
18 8 128
1 2 128
34 20 128
8 7 128
5 8 129
33 34 129
18 8 129
34 20 129
20 7 129
21 22 130
5 8 130
18 6 130
18 7 130
18 8 130
11 34 130
34 4 130
8 6 130
8 7 130
6 7 130
21 22 131
5 7 131
5 8 131
33 20 131
24 25 131
18 7 131
11 4 131
34 20 131
34 4 131
8 7 131
5 6 132
5 7 132
5 8 132
28 27 132
33 9 132
33 34 132
33 4 132
18 6 132
18 7 132
18 8 132
11 34 132
11 4 132
9 34 132
34 20 132
8 6 132
8 7 132
5 6 133
5 8 133
28 27 133
33 9 133
18 6 133
18 8 133
6 8 133
9 34 133
34 20 133
4 11 133
12 13 134
5 7 134
5 8 134
33 20 134
33 34 134
18 8 134
9 20 134
34 20 134
4 11 134
20 11 134
8 7 134
5 8 135
18 8 135
4 11 135
5 8 136
28 27 136
26 23 136
33 20 136
18 6 136
18 7 136
18 8 136
6 7 136
8 7 136
5 8 137
18 6 137
18 8 137
6 7 137
34 20 137
4 11 137
8 7 137
5 7 138
5 8 138
10 9 138
33 20 138
18 8 138
11 9 138
11 4 138
34 20 138
8 6 138
8 7 138
6 7 138
5 6 139
5 8 139
5 18 139
10 9 139
33 20 139
33 34 139
18 8 139
6 7 139
6 8 139
9 11 139
34 20 139
8 7 139
5 7 140
5 8 140
10 9 140
33 20 140
24 25 140
18 6 140
18 8 140
6 7 140
6 8 140
8 7 140
5 6 141
5 7 141
5 8 141
13 11 141
10 11 141
33 34 141
18 6 141
18 8 141
6 7 141
9 11 141
8 7 141
5 7 142
5 8 142
35 36 142
10 11 142
18 6 142
18 7 142
18 8 142
30 31 142
34 20 142
8 6 142
8 7 142
6 7 142
35 36 143
5 7 143
5 8 143
5 18 143
33 20 143
33 34 143
18 8 143
34 20 143
8 7 143
6 7 143
5 7 144
5 8 144
12 13 144
37 35 144
37 36 144
35 36 144
10 9 144
33 20 144
18 6 144
18 8 144
6 8 144
9 11 144
34 20 144
8 7 144
5 7 145
5 8 145
38 35 145
33 20 145
18 6 145
18 8 145
34 20 145
8 7 145
5 6 146
5 7 146
5 8 146
26 34 146
18 6 146
18 8 146
30 31 146
32 34 146
34 20 146
8 6 146
8 7 146
39 38 147
39 40 147
39 36 147
12 13 147
38 41 147
35 40 147
35 36 147
5 6 147
10 9 147
33 34 147
18 6 147
18 8 147
30 31 147
6 8 147
27 28 148
39 35 148
37 35 148
37 42 148
33 32 148
33 34 148
18 6 148
18 8 148
3 4 148
11 9 148
8 6 148
6 7 148
27 28 149
12 13 149
42 40 149
5 7 149
33 20 149
33 34 149
18 8 149
11 9 149
34 20 149
34 25 149
25 20 149
5 7 150
5 18 150
39 41 150
39 37 150
39 40 150
12 13 150
37 35 150
35 41 150
42 40 150
33 20 150
33 25 150
23 4 150
18 7 150
18 8 150
34 20 150
34 25 150
39 41 151
39 40 151
12 13 151
38 41 151
38 36 151
35 41 151
36 41 151
18 8 151
34 20 151
34 25 151
39 42 152
39 40 152
12 13 152
36 41 152
10 9 152
10 11 152
33 20 152
23 24 152
18 8 152
3 4 152
11 9 152
11 4 152
8 7 152
5 7 153
12 13 153
29 27 153
10 11 153
33 20 153
18 8 153
3 4 153
11 9 153
34 20 153
8 7 153
12 13 154
3 4 154
5 7 154
10 11 154
33 20 154
23 34 154
23 25 154
18 8 154
34 20 154
8 6 154
8 7 154
39 36 155
12 13 155
26 23 155
3 4 155
5 6 155
5 8 155
10 11 155
18 8 155
11 6 155
34 20 155
8 6 155
39 36 156
38 42 156
42 41 156
36 40 156
5 6 156
33 32 156
33 20 156
33 34 156
18 9 156
18 6 156
6 8 156
32 20 156
32 34 156
34 20 156
39 40 157
33 32 157
33 20 157
33 34 157
18 6 157
11 8 157
32 20 157
32 34 157
34 20 157
8 6 157
5 7 158
28 27 158
38 41 158
38 37 158
18 6 158
18 8 158
8 6 158
6 7 158
27 28 159
39 40 159
12 13 159
37 4 159
5 7 159
5 8 159
10 9 159
10 11 159
18 6 159
18 8 159
6 7 159
6 8 159
9 11 159
8 7 159
27 28 160
39 42 160
39 36 160
36 42 160
36 40 160
5 7 160
5 8 160
10 9 160
10 11 160
18 6 160
18 7 160
18 8 160
11 9 160
8 6 160
5 8 161
5 18 161
12 13 161
36 40 161
40 42 161
23 24 161
18 6 161
18 8 161
8 6 161
8 7 161
6 7 161
5 8 162
39 35 162
39 37 162
29 27 162
4 8 162
8 6 162
8 7 162
5 18 163
39 41 163
39 35 163
39 40 163
29 27 163
18 6 163
18 8 163
4 8 163
8 6 163
8 7 163
39 41 164
39 35 164
39 40 164
18 6 164
18 7 164
18 8 164
8 6 164
8 7 164
21 22 165
27 29 165
12 13 165
5 7 165
18 6 165
18 8 165
8 6 165
8 7 165
6 7 165
12 13 166
26 23 166
18 8 166
25 8 166
8 7 166
26 23 167
8 7 167
6 7 167
12 13 168
7 6 168
7 8 168
23 24 168
18 8 169
39 40 169
5 8 169
6 7 169
12 13 170
5 8 170
18 8 170
8 7 170
6 7 170
5 8 171
5 18 171
39 40 171
12 13 171
26 24 171
18 7 171
18 8 171
8 6 171
8 7 171
6 7 171
7 8 172
7 18 172
37 41 172
18 6 172
18 8 172
27 28 172
22 21 172
13 12 172
39 40 172
26 24 172
12 13 173
37 41 173
18 7 173
9 43 174
12 13 175
38 40 175
26 24 175
37 35 175
43 9 175
39 40 176
42 40 176
18 6 176
18 7 176
18 8 176
6 7 176
6 8 176
9 43 176
8 7 176
39 42 177
39 40 177
18 7 177
18 8 177
43 9 177
8 7 177
27 28 178
39 42 178
39 40 178
12 13 178
35 41 178
35 36 178
42 40 178
18 6 178
18 8 178
43 25 178
9 25 178
8 7 178
6 7 178
39 40 179
12 13 179
38 35 179
18 6 179
18 8 179
43 9 179
39 40 180
37 35 180
18 8 180
9 43 180
27 28 181
39 40 181
12 13 181
18 6 181
18 8 181
9 43 181
39 42 182
39 40 182
12 13 182
42 40 182
24 25 182
18 8 182
43 9 182
27 28 183
39 40 183
38 35 183
26 24 183
42 40 183
24 25 183
18 6 183
41 43 183
43 9 183
38 37 184
18 6 184
18 7 184
6 8 184
9 43 184
8 7 184
27 28 185
39 42 185
39 40 185
38 43 185
37 40 185
42 9 185
42 43 185
40 43 185
18 8 185
43 9 185
8 6 185
8 7 185
21 22 186
37 40 186
35 25 186
44 10 186
5 18 186
18 7 186
6 7 186
6 8 186
8 7 186
5 18 187
37 40 187
44 10 187
6 8 187
9 43 187
8 7 187
27 28 188
39 42 188
12 13 188
10 44 188
43 9 188
8 7 188
10 44 189
43 9 189
8 7 189
6 7 189
27 28 190
5 6 190
5 8 190
10 44 190
24 25 190
18 7 190
43 9 190
8 6 190
42 40 191
10 44 191
18 6 191
18 8 191
43 9 191
8 6 191
5 6 192
5 8 192
12 13 192
38 35 192
42 40 192
18 6 192
43 9 192
8 6 192
5 18 193
26 23 193
24 25 193
18 7 193
9 43 193
42 40 194
24 25 194
18 7 194
9 43 194
8 7 194
26 25 195
18 8 195
3 45 195
3 31 195
6 7 195
31 45 195
45 2 195
9 43 195
39 40 196
26 24 196
26 25 196
3 45 196
3 31 196
24 25 196
43 9 196
31 45 196
6 7 196
5 7 197
26 24 197
26 25 197
3 31 197
24 25 197
6 8 197
9 43 197
8 7 197
5 8 198
38 35 198
26 25 198
18 6 198
18 8 198
3 31 198
43 9 198
8 7 198
5 8 199
12 13 199
26 24 199
26 25 199
45 2 199
45 31 199
24 25 199
18 8 199
3 31 199
43 9 199
8 6 199
39 42 200
39 40 200
26 24 200
26 25 200
45 31 200
3 31 200
5 6 200
24 25 200
18 6 200
18 7 200
18 8 200
6 8 200
9 43 200
8 7 200
5 8 201
28 27 201
39 42 201
39 40 201
26 25 201
44 10 201
24 25 201
18 7 201
18 8 201
3 31 201
43 9 201
31 45 201
8 6 201
8 7 201
5 7 202
5 8 202
39 42 202
39 40 202
26 23 202
10 44 202
18 41 202
18 8 202
43 9 202
7 8 202
3 31 203
39 42 203
39 40 203
26 25 203
5 7 203
5 8 203
18 8 203
9 43 203
8 7 203
38 18 204
3 45 204
3 31 204
40 8 204
5 7 204
5 8 204
18 7 204
18 8 204
31 45 204
27 28 205
5 7 205
5 8 205
5 18 205
33 20 205
24 25 205
3 31 205
9 43 205
8 7 205
5 7 206
38 31 206
26 24 206
26 25 206
33 20 206
24 25 206
18 7 206
18 8 206
9 43 206
8 7 206
3 31 207
5 7 207
24 25 207
18 7 207
43 9 207
8 7 207
3 31 208
5 8 208
5 18 208
33 20 208
18 7 208
18 8 208
43 9 208
31 45 208
8 6 208
8 7 208
6 7 208
37 35 209
3 31 209
18 6 209
18 7 209
18 8 209
43 9 209
8 7 209
6 7 209
45 31 210
3 31 210
33 20 210
18 6 210
18 8 210
43 9 210
31 2 210
8 6 210
8 7 210
6 7 210
27 28 211
26 24 211
44 10 211
24 25 211
18 6 211
18 7 211
18 8 211
43 9 211
8 6 211
8 7 211
6 7 211
26 24 212
26 25 212
37 41 212
44 10 212
33 20 212
24 25 212
18 8 212
3 31 212
43 9 212
31 45 212
8 6 212
8 7 212
27 28 213
26 25 213
42 40 213
33 20 213
18 6 213
18 7 213
18 8 213
3 45 213
3 31 213
6 7 213
6 8 213
31 45 213
9 43 213
26 25 214
45 18 214
36 41 214
44 10 214
33 20 214
18 8 214
43 9 214
8 7 214
3 31 215
3 18 215
28 27 215
26 25 215
5 8 215
33 20 215
31 45 215
9 43 215
8 7 215
5 7 216
26 24 216
33 20 216
24 25 216
18 45 216
3 31 216
30 46 216
43 9 216
6 7 216
45 33 217
45 20 217
45 24 217
35 37 217
5 7 217
33 20 217
24 25 217
30 46 217
43 9 217
8 6 217
6 7 217
39 40 218
45 33 218
3 31 218
33 20 218
18 8 218
6 8 218
9 43 218
39 42 219
39 40 219
26 25 219
45 31 219
33 20 219
23 25 219
24 25 219
18 9 219
18 6 219
18 7 219
18 8 219
9 6 219
8 6 219
26 25 220
45 3 220
45 31 220
33 20 220
23 25 220
24 25 220
18 6 220
18 7 220
18 8 220
3 31 220
45 2 221
44 24 221
44 25 221
33 20 221
18 8 221
30 46 221
25 23 221
20 8 221
26 10 222
26 25 222
45 3 222
45 31 222
3 31 222
33 20 222
44 24 222
24 25 222
18 9 222
18 8 222
6 8 222
31 2 222
39 40 223
26 24 223
26 25 223
26 44 223
45 31 223
10 44 223
33 20 223
44 24 223
44 25 223
24 25 223
3 31 223
30 46 223
9 7 223
9 8 223
8 6 223
8 7 223
6 7 223
26 10 224
45 31 224
5 7 224
10 44 224
33 20 224
44 24 224
44 25 224
24 25 224
18 8 224
43 9 224
8 7 224
3 31 225
45 31 225
44 10 225
44 24 225
44 25 225
10 25 225
10 24 225
24 25 225
18 7 225
43 9 225
39 44 226
39 40 226
45 31 226
3 31 226
44 24 226
44 25 226
10 24 226
33 20 226
24 25 226
28 27 227
39 42 227
39 40 227
45 3 227
40 42 227
10 44 227
10 25 227
33 20 227
44 25 227
24 25 227
18 6 227
18 7 227
18 8 227
43 9 227
8 6 227
8 7 227
39 42 228
39 40 228
44 24 228
44 25 228
40 42 228
10 24 228
10 25 228
33 20 228
24 25 228
18 6 228
18 8 228
39 42 229
39 25 229
45 3 229
45 31 229
5 7 229
5 18 229
33 20 229
24 25 229
18 8 229
7 8 229
5 6 230
5 18 230
39 42 230
45 33 230
45 20 230
45 31 230
3 9 230
3 43 230
33 20 230
24 25 230
18 7 230
18 8 230
9 43 230
45 33 231
45 31 231
5 7 231
33 20 231
33 31 231
24 25 231
18 7 231
18 8 231
30 46 231
31 20 231
45 33 232
5 7 232
18 7 232
18 8 232
30 46 232
43 9 232
8 6 232
45 33 233
3 31 233
18 7 233
30 46 233
5 7 234
28 27 234
45 33 234
45 20 234
18 7 234
43 9 234
8 7 234
45 3 235
44 10 235
44 24 235
44 25 235
10 25 235
24 25 235
18 7 235
43 9 235
8 7 235
5 7 236
39 40 236
26 24 236
44 10 236
44 25 236
10 25 236
33 20 236
18 7 236
31 2 236
8 6 236
21 22 237
39 40 237
26 24 237
10 44 237
10 25 237
33 20 237
24 25 237
30 46 237
31 2 237
33 20 238
18 8 238
30 46 238
6 7 238
33 20 239
18 8 239
30 46 239
31 2 239
39 42 240
39 24 240
39 40 240
42 40 240
33 20 240
18 8 240
30 46 240
6 7 240
7 6 241
7 18 241
45 3 241
45 31 241
18 6 241
3 31 241
46 30 241
44 10 242
7 18 242
18 5 242
28 27 242
18 7 243
44 10 243
44 10 244
7 18 244
8 6 244
28 27 244
3 31 244
46 30 244
20 33 244
45 31 245
28 3 245
3 31 245
20 33 245
6 8 245
6 8 246
10 44 246
46 30 246
20 33 246
44 10 247
33 20 247
46 30 247
7 6 248
7 18 248
45 3 248
45 31 248
8 6 248
3 31 248
46 30 248
20 33 248
7 6 249
7 8 249
7 18 249
45 31 249
18 6 249
46 30 249
20 33 249
6 7 250
45 3 251
44 10 251
18 6 251
47 4 251
30 46 251
43 9 251
8 7 251
6 7 251
21 22 252
37 47 252
37 4 252
3 31 252
44 10 252
33 20 252
18 6 252
18 7 252
47 4 252
30 46 252
6 7 252
6 8 252
31 45 252
9 43 252
8 7 252
21 22 253
3 31 253
44 10 254
47 4 254
30 46 254
9 43 254
8 7 254
37 4 255
3 45 255
3 31 255
44 10 255
18 6 255
18 7 255
18 8 255
47 4 255
43 9 255
31 45 255
6 7 255
37 47 256
44 10 256
16 15 256
33 20 256
18 6 256
18 8 256
6 7 256
6 8 256
9 43 256
8 7 256
45 31 257
44 10 257
18 6 257
18 7 257
18 8 257
47 37 257
47 4 257
43 9 257
8 6 257
8 7 257
6 7 257
5 7 258
37 47 258
37 3 258
37 4 258
3 45 258
3 31 258
33 20 258
18 7 258
47 4 258
43 9 258
31 45 258
8 6 258
9 43 259
5 18 259
2 3 259
2 45 259
2 31 259
18 6 259
18 7 259
18 8 259
3 45 259
3 31 259
45 31 259
8 6 259
8 7 259
9 16 260
9 43 260
7 6 260
7 8 260
7 18 260
18 6 260
18 8 260
3 45 260
3 31 260
20 33 260
8 6 260
31 45 260
9 43 261
7 6 261
7 8 261
18 6 261
18 8 261
3 45 261
46 30 261
20 33 261
8 6 261
9 43 262
33 20 262
37 47 262
46 30 262
6 7 262
10 44 262
9 43 263
33 20 263
4 16 263
15 16 263
8 7 263
46 30 263
44 10 263
7 6 263
9 43 264
43 47 264
37 47 264
18 6 264
4 47 264
20 33 264
44 10 264
37 47 265
37 4 265
18 6 265
18 8 265
4 47 265
10 44 265
33 20 266
4 47 266
5 7 266
20 33 267
44 10 267
37 47 268
18 8 268
44 10 268
9 43 269
44 10 269
37 47 269
28 27 269
9 43 270
44 10 270
18 8 270
27 28 270
15 16 270
9 41 271
33 20 271
18 7 271
6 7 271
6 8 271
7 8 271
7 6 272
7 8 272
18 8 272
15 16 272
8 6 272
9 28 273
37 47 273
4 47 273
15 16 273
20 33 273
7 18 274
37 47 274
18 8 274
37 47 275
37 4 275
41 4 275
37 47 276
20 33 276
33 47 277
33 20 277
33 37 277
33 4 277
37 47 277
37 4 277
33 20 278
37 41 278
4 47 278
18 6 278
18 7 278
7 6 279
7 18 279
37 47 279
27 28 279
18 6 279
20 33 279
5 8 279
33 20 280
27 28 280
27 29 280
15 16 280
28 27 281
33 20 282
27 28 282
7 6 282
44 10 283
44 30 283
7 6 283
37 47 283
27 28 283
27 29 283
20 33 283
30 10 283
9 43 284
33 20 284
37 47 284
37 20 284
27 28 284
47 20 284
10 44 284
7 6 284
9 43 285
7 6 285
37 33 285
37 20 285
47 33 285
15 30 285
9 43 286
7 6 286
7 18 286
37 33 286
37 20 286
18 6 286
5 6 286
15 16 286
15 30 286
9 43 287
18 6 287
18 7 287
6 7 287
9 43 288
18 6 288
18 6 289
33 20 290
8 6 290
37 41 291
37 41 292
37 4 292
7 8 292
33 20 293
37 41 293
18 6 293
18 7 293
18 8 293
47 15 293
47 20 293
8 7 293
10 44 293
38 32 294
38 48 294
38 34 294
38 45 294
37 41 294
37 47 294
48 32 294
48 34 294
33 20 294
18 8 294
30 8 294
45 32 294
32 34 294
8 7 294
6 7 294
37 47 295
33 20 295
18 8 295
47 15 295
8 6 295
8 7 295
6 7 295
37 47 296
33 20 296
18 6 296
18 7 296
18 8 296
8 6 296
8 7 296
6 7 296
37 47 297
18 6 297
18 7 297
41 4 297
8 6 297
8 7 297
6 7 297
37 47 298
37 41 298
5 7 298
18 6 298
47 4 298
8 6 298
49 1 299
38 36 299
45 50 299
45 32 299
17 34 299
22 50 299
51 34 299
18 6 299
18 8 299
41 37 299
47 37 299
37 4 299
8 6 299
8 7 299
6 7 299
51 17 300
51 45 300
51 38 300
51 36 300
38 17 300
38 45 300
17 36 300
48 32 300
5 6 300
5 8 300
18 6 300
18 7 300
41 47 300
8 6 300
8 7 300
6 7 300
49 32 301
5 6 301
5 7 301
5 8 301
5 18 301
14 52 301
14 22 301
37 47 301
52 53 301
17 51 301
48 51 301
48 34 301
48 36 301
36 51 301
51 34 301
1 45 301
33 20 301
18 6 301
18 7 301
18 8 301
30 15 301
45 32 301
8 6 301
8 7 301
6 7 301
49 1 302
49 22 302
5 6 302
5 7 302
5 8 302
5 18 302
14 39 302
39 25 302
39 52 302
38 17 302
38 45 302
37 47 302
17 51 302
22 1 302
22 45 302
51 45 302
33 20 302
24 53 302
18 6 302
18 7 302
18 8 302
31 25 302
25 46 302
8 6 302
8 7 302
6 7 302
49 1 303
5 6 303
5 7 303
5 8 303
5 18 303
14 39 303
14 25 303
38 17 303
38 51 303
38 45 303
54 25 303
37 47 303
52 42 303
52 25 303
17 51 303
42 53 303
42 46 303
22 31 303
1 32 303
33 20 303
24 46 303
18 6 303
18 7 303
18 8 303
53 46 303
8 6 303
8 7 303
6 7 303
51 17 304
51 45 304
51 36 304
39 31 304
38 32 304
38 45 304
37 47 304
52 3 304
52 22 304
48 32 304
42 53 304
42 24 304
22 31 304
1 34 304
33 20 304
24 46 304
18 6 304
18 7 304
6 7 304
49 1 305
49 34 305
51 55 305
51 45 305
51 36 305
39 25 305
39 31 305
38 32 305
52 53 305
52 22 305
17 45 305
17 36 305
3 34 305
22 53 305
36 45 305
33 20 305
55 24 305
31 25 305
45 34 305
32 53 305
28 27 306
39 25 306
39 31 306
39 22 306
52 22 306
17 36 306
22 53 306
22 31 306
36 45 306
1 50 306
1 45 306
1 34 306
16 15 306
16 43 306
16 6 306
55 46 306
55 24 306
24 42 306
43 15 306
43 6 306
15 6 306
49 34 307
51 55 307
28 27 307
28 29 307
39 25 307
39 45 307
39 31 307
38 53 307
45 17 307
45 52 307
45 31 307
52 53 307
17 55 307
17 24 307
22 31 307
29 27 307
16 15 307
33 20 307
6 43 307
53 34 307
49 32 308
49 53 308
27 28 308
27 29 308
27 45 308
28 29 308
14 25 308
39 31 308
39 24 308
39 25 308
39 55 308
38 3 308
54 50 308
54 53 308
54 22 308
52 32 308
3 46 308
22 25 308
1 50 308
16 15 308
10 44 308
33 20 308
55 24 308
55 31 308
55 45 308
24 46 308
43 6 308
51 36 309
28 16 309
28 6 309
28 7 309
28 29 309
14 25 309
39 31 309
39 55 309
52 25 309
42 46 309
22 1 309
27 15 309
27 29 309
1 50 309
16 15 309
16 43 309
33 20 309
6 43 309
29 15 309
15 43 309
49 50 310
49 22 310
27 29 310
14 39 310
14 48 310
39 42 310
38 3 310
52 1 310
52 32 310
22 50 310
33 20 310
42 46 310
42 25 310
9 7 310
49 1 311
49 22 311
49 34 311
27 28 311
27 29 311
28 29 311
14 48 311
39 51 311
39 25 311
39 55 311
54 31 311
52 32 311
16 15 311
33 20 311
43 6 311
9 7 311
49 53 312
14 48 312
39 17 312
54 31 312
52 32 312
52 22 312
52 31 312
52 55 312
17 50 312
3 45 312
1 45 312
55 24 312
24 46 312
24 42 312
42 46 312
31 25 312
9 7 312
51 17 313
51 48 313
51 25 313
45 9 313
52 46 313
22 25 313
1 53 313
55 32 313
55 46 313
24 32 313
24 46 313
24 34 313
41 47 313
41 4 313
31 25 313
9 7 313
32 34 313
38 53 314
37 41 314
52 32 314
52 48 314
48 22 314
24 46 314
41 4 314
31 34 314
45 7 314
34 25 314
51 17 315
51 32 315
51 39 315
39 50 315
38 53 315
54 53 315
45 9 315
45 36 315
52 46 315
22 32 315
22 46 315
36 7 315
41 37 315
9 7 315
34 50 315
42 48 316
42 24 316
39 51 316
39 34 316
54 53 316
45 24 316
45 36 316
17 51 316
48 55 316
22 31 316
22 25 316
51 32 316
41 37 316
6 43 316
31 25 316
9 7 316
34 50 316
34 25 316
25 50 316
49 1 317
49 22 317
49 31 317
51 32 317
39 34 317
39 25 317
48 55 317
22 25 317
1 25 317
24 42 317
24 45 317
42 46 317
42 45 317
31 25 317
31 34 317
45 9 317
49 31 318
51 32 318
51 34 318
14 48 318
39 34 318
54 53 318
54 24 318
52 46 318
17 34 318
22 31 318
44 10 318
33 20 318
24 32 318
24 45 318
6 43 318
45 9 318
51 17 319
51 32 319
14 42 319
39 34 319
38 36 319
45 53 319
45 42 319
45 24 319
52 46 319
44 10 319
24 32 319
24 42 319
47 37 319
43 6 319
37 4 319
32 50 319
53 50 319
49 52 320
51 17 320
37 47 320
17 32 320
36 45 320
1 34 320
1 31 320
33 20 320
43 6 320
45 7 320
9 7 320
32 34 320
51 17 321
51 32 321
39 22 321
39 34 321
38 36 321
17 6 321
22 34 321
1 32 321
33 20 321
43 6 321
9 7 321
32 6 321
49 22 322
49 31 322
49 34 322
14 24 322
38 55 322
22 1 322
22 34 322
1 53 322
33 20 322
24 46 322
3 25 322
43 6 322
31 34 322
9 7 322
32 53 322
49 22 323
49 31 323
49 34 323
51 17 323
51 9 323
51 53 323
22 34 323
22 31 323
33 20 323
24 50 323
24 46 323
24 42 323
6 43 323
31 34 323
9 7 323
9 32 323
32 53 323
46 50 323
49 31 324
39 22 324
45 9 324
45 53 324
45 48 324
17 7 324
22 1 324
1 50 324
33 20 324
55 32 324
47 37 324
6 43 324
9 7 324
32 25 324
49 34 325
49 31 325
39 22 325
39 34 325
54 42 325
37 47 325
52 48 325
17 1 325
17 46 325
48 55 325
22 34 325
36 24 325
33 20 325
55 32 325
55 24 325
42 46 325
31 34 325
45 53 325
45 46 325
9 7 325
49 34 326
49 31 326
42 46 326
14 53 326
14 45 326
14 46 326
38 17 326
54 17 326
45 53 326
45 25 326
17 31 326
17 24 326
22 1 326
22 34 326
1 34 326
33 20 326
9 32 326
9 7 326
49 54 327
49 24 327
51 48 327
39 32 327
39 22 327
45 53 327
52 48 327
1 32 327
1 31 327
33 20 327
24 46 327
42 46 327
31 32 327
9 7 327
25 50 327
49 54 328
51 32 328
51 24 328
51 55 328
14 31 328
39 50 328
39 34 328
54 31 328
37 47 328
36 55 328
33 20 328
24 46 328
24 42 328
42 46 328
43 6 328
45 53 328
34 50 328
34 25 328
49 1 329
51 17 329
51 48 329
51 24 329
51 46 329
39 34 329
39 25 329
39 22 329
54 17 329
17 1 329
17 48 329
48 1 329
22 34 329
36 32 329
33 20 329
55 32 329
55 45 329
24 31 329
24 46 329
6 43 329
31 50 329
51 17 330
14 53 330
39 32 330
39 22 330
39 25 330
39 34 330
38 55 330
54 42 330
17 1 330
42 46 330
42 24 330
22 32 330
22 34 330
1 46 330
33 20 330
55 25 330
24 46 330
47 37 330
43 6 330
31 50 330
37 4 330
9 7 330
34 25 330
49 51 331
49 31 331
49 55 331
51 50 331
39 42 331
39 22 331
38 55 331
54 55 331
52 45 331
17 31 331
3 45 331
36 53 331
33 20 331
55 32 331
24 46 331
24 42 331
42 34 331
34 50 331
51 50 332
51 34 332
14 48 332
39 42 332
39 22 332
52 32 332
52 7 332
17 31 332
48 55 332
1 50 332
1 46 332
1 24 332
33 20 332
55 50 332
24 46 332
47 37 332
43 6 332
31 25 332
32 53 332
34 50 332
49 34 333
42 22 333
39 46 333
39 24 333
39 25 333
37 47 333
1 46 333
1 24 333
33 20 333
24 46 333
45 46 333
9 7 333
49 50 334
39 45 334
38 53 334
54 45 334
54 24 334
51 46 334
1 45 334
33 20 334
55 32 334
55 7 334
24 46 334
24 45 334
6 43 334
31 50 334
49 55 335
51 17 335
51 54 335
14 24 335
38 53 335
54 31 335
52 55 335
44 50 335
1 25 335
24 46 335
47 37 335
31 50 335
31 46 335
51 17 336
39 48 336
39 31 336
39 25 336
39 45 336
37 47 336
52 2 336
52 53 336
17 9 336
48 55 336
1 45 336
55 25 336
55 31 336
43 6 336
31 45 336
31 25 336
9 7 336
49 52 337
49 31 337
39 50 337
39 31 337
37 47 337
37 41 337
37 43 337
52 53 337
48 32 337
1 34 337
1 31 337
33 20 337
55 53 337
55 24 337
24 46 337
24 42 337
24 45 337
41 47 337
41 43 337
47 6 337
42 46 337
42 31 337
6 43 337
9 7 337
49 39 338
49 54 338
51 17 338
51 25 338
37 47 338
52 9 338
52 48 338
52 24 338
48 24 338
3 45 338
22 9 338
22 45 338
22 25 338
24 45 338
43 6 338
31 32 338
9 25 338
49 31 339
51 9 339
51 22 339
51 25 339
37 47 339
52 25 339
17 9 339
22 25 339
33 20 339
24 46 339
24 42 339
42 46 339
43 6 339
31 32 339
31 53 339
32 53 339
49 50 340
51 25 340
39 1 340
37 41 340
52 53 340
52 24 340
52 25 340
48 22 340
3 24 340
24 42 340
24 45 340
42 46 340
42 45 340
31 32 340
31 53 340
45 46 340
45 25 340
32 53 340
25 46 340
39 1 341
39 17 341
39 31 341
38 24 341
45 3 341
45 24 341
45 55 341
52 24 341
1 50 341
43 6 341
31 53 341
53 25 341
51 17 342
51 45 342
39 25 342
39 55 342
52 53 342
52 45 342
52 24 342
22 25 342
1 45 342
24 53 342
42 46 342
6 43 342
45 53 342
42 46 343
42 34 343
39 9 343
39 24 343
39 55 343
17 51 343
47 37 343
43 6 343
9 7 343
25 7 343
49 10 344
51 45 344
14 1 344
38 42 344
45 10 344
22 31 344
47 37 344
6 43 344
9 7 344
32 50 344
49 54 345
49 34 345
14 48 345
14 34 345
39 31 345
1 32 345
33 20 345
47 37 345
43 6 345
9 7 345
49 32 346
49 54 346
51 45 346
51 52 346
39 55 346
54 42 346
37 47 346
52 45 346
48 42 346
48 24 346
42 32 346
53 46 346
49 1 347
51 17 347
39 52 347
39 24 347
39 31 347
37 47 347
52 22 347
48 1 347
48 32 347
3 46 347
3 42 347
22 24 347
22 25 347
1 32 347
55 45 347
24 45 347
42 45 347
42 31 347
6 43 347
45 53 347
53 34 347
49 32 348
49 52 348
39 24 348
39 45 348
45 55 348
52 1 348
22 1 348
22 53 348
22 25 348
33 20 348
47 37 348
9 7 348
2 25 348
14 39 349
39 25 349
48 55 349
36 53 349
33 20 349
55 46 349
24 9 349
24 53 349
24 7 349
31 34 349
31 46 349
14 1 350
14 24 350
39 22 350
39 24 350
48 42 350
22 7 350
33 20 350
47 37 350
49 54 351
51 1 351
14 45 351
39 50 351
39 31 351
39 25 351
54 46 351
52 48 351
17 46 351
17 24 351
48 32 351
48 42 351
22 1 351
22 25 351
44 16 351
33 20 351
24 46 351
24 42 351
47 37 351
42 32 351
9 7 351
34 25 351
49 51 352
49 53 352
49 42 352
51 53 352
28 16 352
28 44 352
28 8 352
14 32 352
39 31 352
45 50 352
45 32 352
45 46 352
45 36 352
17 46 352
17 24 352
48 42 352
44 16 352
44 8 352
16 8 352
24 46 352
47 37 352
32 50 352
49 51 353
49 48 353
51 53 353
51 52 353
28 16 353
28 44 353
28 8 353
39 31 353
52 48 353
52 42 353
17 46 353
17 24 353
48 42 353
36 32 353
36 55 353
44 16 353
16 8 353
33 20 353
55 50 353
24 46 353
47 37 353
43 6 353
31 34 353
32 50 353
34 25 353
25 7 353
49 51 354
49 48 354
49 42 354
49 53 354
28 16 354
28 44 354
28 8 354
39 31 354
39 25 354
37 47 354
52 48 354
17 46 354
17 24 354
48 42 354
36 55 354
44 16 354
44 8 354
1 25 354
16 8 354
55 32 354
24 46 354
3 53 354
43 6 354
31 9 354
31 25 354
32 50 354
49 51 355
49 48 355
49 42 355
49 52 355
51 22 355
28 44 355
28 8 355
39 45 355
45 31 355
45 52 355
52 48 355
17 50 355
17 46 355
17 24 355
48 42 355
3 53 355
36 55 355
44 16 355
1 9 355
1 53 355
16 8 355
55 50 355
55 32 355
41 47 355
41 37 355
47 37 355
6 43 355
32 50 355
46 50 355
49 48 356
51 1 356
51 53 356
51 22 356
39 31 356
37 41 356
37 47 356
37 8 356
37 4 356
52 7 356
17 46 356
48 42 356
22 53 356
36 55 356
1 53 356
1 25 356
24 46 356
41 47 356
41 4 356
47 4 356
6 43 356
9 7 356
9 25 356
51 22 357
28 44 357
28 8 357
54 46 357
45 55 357
52 32 357
52 55 357
22 31 357
36 55 357
44 16 357
16 8 357
41 37 357
41 4 357
42 25 357
37 4 357
9 7 357
25 7 357
51 1 358
51 17 358
51 39 358
28 8 358
39 43 358
39 34 358
39 31 358
17 32 358
48 42 358
48 25 358
36 55 358
44 16 358
44 8 358
16 8 358
33 20 358
49 24 359
49 52 359
51 17 359
51 24 359
51 52 359
54 3 359
45 9 359
45 22 359
45 7 359
52 17 359
17 24 359
48 42 359
48 25 359
42 50 359
42 31 359
44 16 359
33 20 359
49 53 360
49 3 360
51 17 360
51 9 360
28 16 360
39 1 360
45 9 360
45 7 360
52 53 360
52 3 360
17 24 360
48 42 360
22 50 360
1 34 360
33 20 360
42 50 360
42 31 360
49 9 361
49 17 361
49 53 361
51 45 361
28 16 361
14 48 361
14 42 361
14 22 361
14 25 361
48 42 361
48 22 361
3 9 361
22 25 361
1 53 361
33 20 361
42 31 361
42 25 361
6 43 361
9 53 361
49 3 362
49 52 362
28 44 362
14 42 362
14 25 362
39 36 362
45 9 362
45 50 362
45 7 362
45 53 362
52 1 362
52 2 362
42 25 362
42 31 362
44 16 362
1 53 362
1 24 362
33 20 362
24 53 362
3 2 362
43 6 362
43 25 362
49 1 363
49 45 363
28 44 363
14 42 363
14 25 363
14 31 363
45 1 363
17 3 363
22 43 363
22 25 363
44 16 363
1 24 363
33 20 363
55 43 363
24 42 363
42 32 363
31 25 363
34 46 363
49 42 364
49 52 364
51 32 364
51 42 364
51 45 364
51 38 364
28 16 364
28 44 364
28 8 364
14 1 364
14 53 364
39 46 364
39 24 364
38 54 364
45 48 364
45 32 364
17 42 364
22 25 364
44 16 364
1 53 364
16 8 364
33 20 364
24 46 364
42 32 364
32 7 364
53 25 364
49 42 365
49 52 365
42 17 365
42 32 365
42 3 365
28 16 365
28 44 365
14 1 365
14 53 365
39 31 365
45 17 365
45 32 365
45 3 365
45 52 365
52 32 365
48 46 365
22 53 365
22 25 365
44 16 365
51 32 365
1 25 365
16 8 365
33 20 365
24 9 365
24 46 365
24 7 365
43 6 365
9 46 365
9 7 365
53 25 365
49 39 366
49 31 366
28 44 366
14 53 366
39 31 366
38 36 366
45 32 366
45 3 366
17 51 366
17 3 366
3 32 366
22 53 366
22 25 366
51 32 366
51 6 366
16 8 366
43 6 366
9 53 366
53 25 366
49 39 367
49 31 367
42 24 367
14 53 367
14 25 367
39 54 367
52 32 367
52 31 367
17 51 367
17 43 367
22 53 367
22 25 367
44 16 367
51 43 367
33 20 367
53 25 367
49 32 368
49 39 368
49 54 368
51 17 368
28 16 368
28 44 368
14 1 368
38 55 368
45 17 368
45 43 368
52 55 368
17 43 368
48 24 368
48 55 368
22 25 368
36 55 368
1 9 368
33 20 368
24 9 368
42 53 368
42 34 368
53 7 368
53 34 368
25 50 368
49 32 369
49 39 369
42 53 369
42 24 369
28 44 369
39 32 369
38 55 369
45 17 369
45 51 369
45 48 369
17 51 369
17 48 369
22 25 369
1 25 369
55 9 369
24 9 369
24 7 369
6 43 369
9 7 369
25 50 369
49 48 370
49 3 370
49 45 370
49 52 370
51 45 370
51 52 370
14 1 370
38 55 370
45 17 370
45 34 370
52 32 370
42 53 370
42 24 370
22 1 370
22 25 370
44 16 370
1 25 370
33 20 370
24 9 370
24 53 370
25 50 370
49 17 371
49 34 371
51 31 371
51 52 371
51 34 371
38 55 371
54 32 371
52 31 371
3 32 371
22 25 371
44 16 371
1 25 371
33 20 371
24 42 371
43 6 371
9 7 371
25 50 371
49 45 372
49 31 372
28 16 372
28 44 372
14 22 372
39 45 372
38 32 372
38 55 372
45 31 372
48 7 372
44 16 372
1 32 372
31 25 372
49 39 373
49 45 373
28 44 373
14 9 373
14 22 373
39 31 373
39 45 373
38 55 373
45 53 373
45 31 373
22 1 373
44 16 373
1 9 373
33 20 373
55 42 373
24 46 373
24 42 373
42 53 373
51 17 374
51 52 374
28 16 374
38 55 374
45 42 374
45 24 374
45 55 374
42 46 374
42 24 374
36 25 374
44 16 374
33 20 374
55 53 374
24 53 374
43 6 374
9 7 374
49 52 375
28 44 375
14 1 375
52 48 375
42 3 375
42 24 375
22 32 375
1 31 375
33 20 375
55 46 375
24 53 375
6 43 375
32 7 375
32 25 375
25 50 375
49 9 376
49 53 376
49 3 376
42 17 376
42 51 376
42 54 376
42 24 376
28 44 376
14 1 376
38 55 376
52 46 376
17 51 376
48 51 376
55 9 376
55 46 376
24 46 376
6 43 376
31 32 376
9 53 376
53 34 376
49 55 377
51 17 377
51 48 377
51 24 377
51 52 377
39 32 377
39 22 377
39 31 377
54 55 377
45 48 377
45 52 377
52 17 377
17 50 377
17 48 377
48 50 377
22 31 377
44 16 377
24 46 377
24 42 377
9 7 377
25 50 377
49 1 378
49 48 378
49 14 378
49 45 378
14 24 378
39 34 378
45 48 378
17 50 378
17 24 378
44 16 378
16 8 378
24 46 378
6 43 378
25 50 378
46 50 378
42 14 379
42 24 379
38 55 379
52 55 379
22 34 379
44 16 379
1 50 379
16 8 379
49 1 380
49 25 380
51 17 380
51 32 380
28 16 380
22 34 380
44 16 380
1 25 380
55 32 380
24 53 380
9 53 380
28 16 381
14 17 381
52 9 381
52 55 381
48 24 381
22 34 381
16 8 381
33 20 381
32 50 381
25 50 381
25 46 381
46 50 381
49 32 382
51 17 382
51 42 382
28 44 382
14 53 382
45 24 382
52 46 382
17 42 382
22 34 382
1 46 382
16 8 382
33 20 382
32 46 382
32 25 382
25 50 382
49 32 383
51 17 383
51 42 383
28 16 383
28 44 383
28 8 383
39 22 383
45 9 383
45 46 383
45 42 383
45 24 383
17 42 383
3 25 383
44 16 383
44 8 383
16 8 383
33 20 383
9 46 383
9 7 383
25 50 383
28 44 384
39 50 384
45 9 384
45 24 384
52 55 384
44 16 384
33 20 384
55 50 384
25 50 384
51 42 385
14 55 385
45 9 385
44 16 385
1 50 385
1 55 385
33 20 385
55 53 385
31 25 385
42 51 386
39 22 386
54 31 386
45 9 386
45 24 386
52 53 386
44 16 386
1 25 386
33 20 386
55 31 386
31 32 386
49 34 387
51 42 387
28 16 387
14 53 387
39 32 387
38 1 387
52 53 387
22 1 387
44 16 387
33 20 387
55 31 387
31 32 387
31 46 387
9 7 387
53 46 387
51 48 388
39 32 388
39 31 388
38 34 388
54 32 388
54 48 388
54 52 388
45 34 388
45 22 388
45 55 388
52 42 388
22 1 388
22 3 388
1 46 388
33 20 388
55 34 388
31 32 388
42 46 389
28 44 389
38 34 389
45 36 389
45 52 389
45 55 389
33 20 389
14 24 390
36 9 390
44 16 390
1 50 390
33 20 390
42 51 391
42 46 391
28 16 391
14 24 391
45 32 391
45 52 391
33 20 391
49 51 392
28 16 392
14 24 392
45 32 392
45 34 392
45 52 392
52 34 392
3 32 392
33 20 392
32 53 392
32 34 392
53 34 392
14 24 393
45 32 393
45 34 393
52 34 393
33 20 393
3 53 393
9 7 393
32 53 393
32 34 393
28 16 394
14 24 394
45 32 394
45 34 394
45 52 394
3 53 394
33 20 394
9 7 394
32 34 394
45 9 395
45 32 395
45 34 395
45 52 395
48 7 395
33 20 395
3 53 395
9 7 395
28 16 396
14 24 396
45 9 396
45 34 396
45 52 396
33 20 396
3 53 396
6 43 396
32 34 396
53 46 396
46 50 396
28 16 397
52 34 397
33 20 397
42 46 397
6 43 397
9 32 397
9 34 397
32 53 397
32 34 397
42 50 398
42 46 398
42 34 398
39 31 398
12 6 398
12 43 398
38 24 398
38 55 398
54 1 398
45 52 398
45 55 398
52 32 398
52 55 398
17 22 398
22 25 398
51 50 398
1 50 398
33 20 398
55 34 398
43 6 398
32 53 398
32 34 398
32 7 398
49 7 399
49 25 399
49 36 399
51 14 399
39 7 399
39 31 399
12 43 399
38 34 399
52 53 399
52 48 399
52 44 399
22 1 399
36 7 399
44 16 399
44 8 399
1 25 399
1 31 399
33 20 399
42 46 399
49 17 400
49 32 400
49 31 400
51 31 400
54 31 400
52 24 400
17 34 400
36 7 400
44 8 400
10 6 400
33 20 400
3 32 400
3 46 400
9 7 400
32 34 400
14 34 401
39 54 401
39 38 401
39 31 401
38 31 401
45 42 401
45 55 401
48 55 401
3 32 401
44 16 401
1 9 401
1 25 401
16 8 401
33 20 401
20 8 401
49 45 402
28 16 402
12 10 402
48 34 402
22 32 402
22 55 402
1 9 402
16 8 402
33 20 402
55 31 402
31 32 402
9 50 402
32 7 402
49 45 403
28 16 403
12 10 403
45 22 403
17 51 403
17 20 403
17 22 403
22 55 403
44 20 403
1 9 403
1 31 403
10 43 403
55 7 403
31 9 403
28 16 404
28 8 404
38 48 404
52 2 404
17 34 404
3 46 404
22 55 404
44 20 404
42 46 404
32 7 404
20 8 404
49 46 405
49 42 405
51 28 405
17 46 405
17 42 405
44 16 405
44 20 405
1 9 405
9 7 405
34 46 405
20 8 405
49 46 406
12 10 406
42 46 406
33 20 406
9 7 406
12 10 407
16 8 407
33 20 407
9 7 407
16 8 408
16 8 409
20 8 409
12 10 410
33 20 410
9 7 410
9 7 411
28 16 412
28 16 413
12 43 413
44 16 413
16 8 413
33 20 413
44 16 414
16 8 414
33 20 414
33 20 415
9 43 415
12 7 416
51 50 416
51 1 416
51 34 416
51 24 416
1 50 416
1 24 416
1 34 416
16 8 416
33 20 416
24 34 416
24 50 416
9 7 416
34 50 416
12 43 417
12 10 417
10 43 417
9 7 417
12 43 418
51 17 419
51 50 419
51 24 419
12 43 419
1 50 419
1 24 419
9 7 419
51 17 420
51 24 420
17 24 420
1 24 420
16 8 420
33 20 420
9 7 420
17 24 421
44 43 421
33 20 421
9 7 421
28 43 422
54 2 422
54 55 422
36 55 422
1 24 422
16 8 422
33 20 422
9 7 422
9 7 423
33 20 423
8 16 423
24 1 423
12 43 424
24 1 424
16 8 424
9 7 425
8 16 425
33 20 425
44 16 425
9 7 426
33 8 426
34 51 426
28 16 426
28 8 426
44 16 426
16 8 426
9 7 427
28 8 427
44 16 427
1 34 427
12 20 428
34 1 428
28 16 428
20 33 428
9 7 429
28 16 429
28 20 429
33 20 429
44 16 429
1 34 429
9 7 430
34 1 430
28 16 430
28 20 430
33 20 430
16 44 430
9 7 431
44 16 431
28 16 431
33 20 431
1 34 431
9 7 432
43 10 432
44 16 432
9 7 433
28 16 433
43 10 433
43 12 433
12 10 433
9 7 434
17 1 434
28 16 434
10 43 434
10 12 434
9 7 435
12 10 435
24 34 435
51 34 435
28 16 435
9 7 436
43 12 436
34 1 436
28 16 436
20 33 436
33 28 437
33 20 437
28 16 437
28 20 437
10 12 437
43 12 438
28 16 438
28 20 438
28 8 438
1 34 438
33 20 439
28 16 439
1 34 439
34 1 440
34 51 440
28 16 440
44 16 440
44 16 441
33 20 441
51 1 441
51 34 441
28 16 441
1 34 441
33 20 442
24 1 442
24 12 442
51 1 442
12 10 443
28 20 443
20 33 443
1 10 443
16 44 443
43 10 443
24 17 444
33 8 444
28 16 444
10 43 444
10 12 444
44 16 444
1 12 444
43 6 445
12 1 445
44 16 445
1 6 445
33 28 446
28 16 446
28 20 446
44 16 446
1 6 446
43 10 446
43 6 447
43 12 447
43 10 447
12 6 447
12 10 447
44 16 447
28 20 447
10 6 447
43 6 448
43 12 448
43 10 448
33 20 448
28 16 448
28 44 448
44 16 448
10 6 448
44 16 449
44 16 450
43 6 450
44 16 451
20 33 451
20 8 451
1 34 451
34 1 452
28 16 452
28 20 452
44 16 452
43 10 452
1 34 453
34 1 454
34 51 454
44 16 454
43 10 454
34 1 455
44 16 455
10 43 455
24 1 456
17 1 456
51 34 456
28 16 456
28 20 456
8 20 456
1 34 456
43 10 456
34 1 457
28 16 457
20 33 457
20 44 457
43 10 457
34 51 458
10 43 458
49 22 459
24 17 460
51 1 460
22 49 460
22 49 461
10 43 461
49 22 462
20 33 462
43 10 462
43 10 463
17 1 463
17 34 463
28 16 463
20 33 463
17 1 464
17 34 464
28 16 464
25 38 464
1 34 464
43 10 464
28 44 465
25 56 465
25 38 465
56 38 465
44 16 465
1 34 465
10 43 465
43 10 466
25 56 466
25 38 466
56 38 466
44 16 467
42 56 467
42 25 467
42 38 467
25 56 467
25 38 467
56 38 467
42 56 468
42 25 468
42 38 468
25 56 468
25 38 468
56 38 468
20 33 468
42 56 469
42 38 469
42 25 469
25 56 469
25 38 469
56 38 469
20 33 469
1 24 469
42 25 470
25 56 470
20 33 470
38 56 471
38 42 471
38 25 471
42 56 471
42 25 471
25 56 471
38 25 472
42 56 472
42 25 472
33 20 472
31 2 472
25 56 472
51 1 473
38 25 473
42 25 473
44 16 473
1 34 473
33 20 473
25 56 473
28 16 474
42 25 474
25 38 474
10 43 474
20 33 474
44 16 474
51 1 475
42 25 475
44 16 475
16 8 475
49 22 476
38 56 476
38 42 476
38 25 476
42 56 476
42 25 476
33 20 476
25 56 476
49 22 477
28 16 477
28 44 477
38 42 477
38 25 477
17 24 477
42 56 477
42 25 477
1 24 477
33 20 477
42 38 478
42 25 478
25 56 478
25 38 478
34 1 478
16 44 478
42 56 479
42 25 479
20 33 479
49 25 480
44 16 480
25 56 480
24 1 481
17 1 481
25 56 481
10 43 481
44 16 481
16 28 481
42 25 482
25 56 482
25 38 482
20 33 482
44 16 482
24 1 483
42 25 483
25 56 483
44 16 483
43 10 483
24 1 484
42 43 484
42 25 484
25 56 484
10 43 484
44 16 484
16 28 484
28 16 485
42 43 485
42 10 485
25 43 485
25 38 485
44 16 485
43 10 485
43 10 486
38 42 486
38 25 486
42 56 486
42 25 486
25 56 486
38 42 487
42 56 487
42 25 487
44 16 487
10 43 487
25 56 487
4 44 488
42 25 488
42 38 488
25 56 488
25 38 488
10 43 488
28 16 489
38 25 489
17 42 489
44 8 489
1 56 489
1 25 489
10 43 489
33 20 489
25 56 489
49 22 490
28 44 490
38 42 490
44 8 490
10 43 490
33 20 490
25 56 490
38 42 491
38 25 491
48 55 491
42 25 491
20 33 491
49 22 492
38 42 492
38 25 492
48 55 492
42 56 492
42 25 492
1 34 492
25 56 492
28 44 493
42 25 493
44 16 493
10 43 493
33 20 493
38 56 494
38 25 494
42 56 494
42 25 494
44 16 494
10 43 494
25 56 494
42 56 495
42 38 495
42 25 495
25 56 495
25 38 495
56 38 495
44 16 495
10 43 495
38 25 496
42 25 496
10 43 496
42 25 497
43 10 497
43 10 498
42 56 498
42 25 498
42 38 498
25 56 498
20 33 498
51 34 499
38 42 499
38 25 499
42 25 499
44 16 499
1 34 499
51 1 500
28 44 500
38 42 500
38 25 500
17 24 500
42 25 500
28 16 501
42 25 501
28 16 502
42 25 502
20 33 502
28 16 503
42 25 503
38 42 504
38 25 504
28 16 504
42 25 504
20 33 504
43 10 504
28 16 505
38 25 505
48 55 505
10 43 505
33 20 505
28 16 506
38 25 506
33 20 506
28 16 507
42 25 507
10 43 507
28 16 508
38 56 508
38 42 508
38 25 508
42 56 508
42 25 508
1 34 508
10 43 508
25 56 508
28 16 509
28 43 509
42 56 509
42 25 509
42 38 509
25 56 509
25 38 509
56 38 509
28 16 510
28 43 510
38 42 510
38 25 510
48 55 510
42 25 510
10 43 510
25 56 510
49 22 511
28 16 511
48 55 511
42 25 511
1 24 511
10 43 511
49 22 512
28 16 512
38 25 512
1 34 512
10 43 512
33 20 512
28 16 513
38 25 513
10 43 513
28 16 514
44 8 514
10 43 514
28 16 515
38 56 515
38 42 515
17 24 515
42 56 515
42 25 515
10 43 515
51 1 516
28 16 516
17 24 516
1 34 516
33 20 516
25 56 516
28 16 517
48 55 517
42 25 517
33 20 517
28 16 518
48 55 518
42 25 518
33 20 518
28 16 519
44 8 519
51 24 520
28 16 520
38 56 520
42 25 520
38 56 521
42 25 521
12 57 522
17 34 522
42 25 522
31 56 522
12 57 523
38 56 523
17 34 523
42 25 523
44 8 523
1 34 523
12 57 524
42 10 524
42 43 524
42 25 524
44 8 524
1 34 524
10 43 524
12 57 525
38 56 525
38 42 525
38 25 525
42 56 525
42 25 525
10 43 525
25 56 525
38 42 526
38 25 526
48 55 526
25 56 526
48 55 527
42 25 527
1 34 527
33 20 527
28 16 528
58 59 528
38 33 528
38 42 528
42 33 528
42 25 528
44 8 528
1 34 528
16 43 528
16 10 528
25 56 528
58 59 529
38 42 529
38 25 529
48 55 529
10 43 529
33 20 529
51 1 530
58 60 530
58 59 530
60 59 530
42 56 530
10 43 530
33 20 530
25 56 530
58 60 531
58 59 531
60 59 531
10 43 531
33 20 531
51 34 532
58 60 532
58 59 532
38 42 532
60 59 532
42 25 532
10 43 532
33 20 532
51 17 533
28 31 533
12 57 533
60 59 533
1 34 533
10 43 533
33 20 533
24 34 533
28 16 534
28 6 534
58 60 534
12 57 534
16 6 534
10 43 534
24 34 534
58 60 535
58 59 535
60 59 535
10 43 535
51 34 536
28 16 536
39 55 536
38 56 536
17 24 536
17 34 536
48 55 536
10 43 536
61 62 536
61 63 536
63 62 536
28 16 537
58 59 537
60 59 537
17 34 537
10 43 537
24 34 537
61 62 537
61 63 537
63 62 537
58 60 538
38 56 538
17 1 538
17 34 538
42 25 538
10 43 538
61 62 538
61 63 538
61 4 538
63 62 538
58 60 539
58 59 539
64 62 539
64 61 539
64 63 539
38 56 539
60 59 539
42 25 539
10 43 539
61 62 539
61 63 539
63 62 539
28 16 540
58 59 540
39 62 540
39 64 540
39 61 540
39 63 540
64 62 540
64 61 540
64 63 540
38 56 540
1 34 540
10 43 540
61 62 540
61 63 540
63 62 540
58 59 541
39 63 541
64 62 541
64 61 541
64 63 541
60 59 541
42 25 541
1 34 541
1 24 541
10 43 541
24 34 541
61 62 541
61 63 541
63 62 541
28 16 542
58 60 542
64 62 542
64 63 542
60 59 542
17 6 542
48 55 542
42 25 542
1 34 542
1 24 542
59 63 542
24 34 542
61 62 542
61 63 542
63 62 542
28 44 543
58 60 543
58 59 543
17 6 543
48 55 543
42 25 543
44 8 543
1 24 543
1 34 543
10 43 543
33 20 543
61 62 543
28 44 544
58 59 544
17 6 544
48 55 544
42 25 544
44 16 544
44 8 544
16 8 544
10 43 544
33 20 544
28 16 545
28 10 545
58 60 545
58 59 545
38 56 545
38 25 545
48 55 545
42 56 545
44 8 545
10 43 545
33 20 545
49 22 546
38 25 546
42 25 546
44 16 546
16 10 546
61 63 546
61 31 546
58 60 547
58 59 547
38 25 547
60 16 547
60 59 547
48 55 547
42 56 547
42 25 547
1 24 547
24 34 547
58 60 548
58 59 548
64 61 548
64 63 548
38 25 548
60 59 548
48 59 548
61 62 548
58 60 549
58 59 549
64 61 549
60 59 549
48 59 549
44 16 549
1 34 549
10 43 549
33 20 549
61 62 549
28 16 550
28 44 550
12 57 550
38 42 550
60 59 550
44 8 550
1 34 550
10 43 550
28 16 551
38 25 551
60 59 551
48 55 551
44 16 551
10 43 551
28 8 552
58 48 552
58 59 552
38 42 552
38 25 552
48 55 552
42 25 552
1 34 552
10 43 552
33 20 552
63 62 552
25 56 552
28 8 553
58 59 553
12 57 553
38 25 553
48 55 553
42 25 553
1 24 553
1 34 553
10 43 553
58 59 554
48 55 554
42 25 554
1 24 554
1 34 554
10 43 554
24 34 554
58 60 555
12 57 555
60 59 555
60 55 555
42 25 555
33 20 555
24 34 555
61 62 555
58 60 556
58 59 556
60 59 556
1 24 556
10 43 556
24 34 556
25 56 556
58 60 557
58 59 557
64 63 557
12 57 557
38 25 557
48 55 557
10 43 557
33 20 557
24 34 557
61 63 557
25 56 557
58 60 558
58 59 558
12 57 558
38 25 558
60 59 558
10 43 558
33 20 558
24 34 558
58 60 559
42 25 559
1 34 559
10 43 559
33 20 559
25 56 559
58 64 560
58 60 560
64 62 560
38 25 560
60 59 560
1 34 560
1 24 560
10 43 560
24 34 560
61 63 560
57 42 561
60 59 561
42 25 561
1 34 561
10 43 561
24 34 561
61 63 561
38 42 562
38 25 562
60 59 562
42 56 562
42 25 562
1 24 562
10 43 562
61 63 562
25 56 562
58 60 563
58 38 563
64 61 563
60 59 563
1 24 563
61 63 563
25 56 563
28 48 564
58 60 564
12 57 564
38 25 564
60 59 564
1 24 564
1 34 564
10 43 564
63 25 564
28 16 565
28 44 565
58 6 565
58 59 565
38 25 565
60 61 565
60 63 565
60 59 565
48 16 565
48 44 565
42 25 565
44 16 565
1 34 565
1 24 565
10 43 565
59 6 565
28 16 566
28 48 566
28 44 566
28 55 566
58 60 566
58 61 566
58 59 566
12 57 566
38 25 566
48 16 566
48 44 566
42 25 566
44 16 566
16 33 566
10 43 566
33 20 566
59 61 566
59 63 566
61 62 566
28 16 567
58 60 567
58 59 567
12 57 567
60 59 567
42 25 567
1 61 567
10 43 567
33 20 567
58 59 568
64 63 568
12 57 568
60 59 568
1 63 568
10 43 568
58 60 569
58 59 569
64 62 569
64 63 569
12 57 569
60 59 569
48 16 569
42 25 569
1 24 569
10 43 569
63 62 569
28 48 570
28 44 570
58 59 570
12 57 570
38 42 570
48 44 570
42 25 570
1 24 570
10 43 570
25 56 570
28 48 571
58 59 571
38 42 571
38 31 571
38 25 571
48 16 571
48 44 571
42 25 571
44 16 571
1 24 571
10 43 571
28 44 572
58 59 572
64 61 572
38 25 572
48 16 572
42 25 572
10 43 572
61 62 572
58 59 573
38 42 573
48 16 573
42 25 573
1 24 573
10 43 573
28 44 574
58 59 574
48 16 574
42 25 574
10 43 574
59 63 574
51 24 575
38 56 575
17 1 575
48 16 575
42 25 575
10 43 575
27 47 576
38 25 576
17 1 576
17 34 576
48 16 576
42 25 576
51 24 576
1 34 576
10 43 576
63 62 576
25 56 576
65 66 577
51 1 577
51 24 577
28 44 577
66 4 577
17 34 577
48 16 577
1 24 577
10 43 577
49 33 578
49 22 578
51 1 578
51 24 578
28 48 578
38 42 578
38 25 578
60 6 578
48 16 578
27 47 578
33 20 578
63 62 578
31 56 578
31 25 578
4 20 578
65 52 579
49 33 579
49 20 579
51 24 579
38 42 579
38 25 579
52 20 579
48 16 579
22 20 579
27 47 579
25 56 579
49 33 580
51 24 580
58 59 580
66 20 580
66 22 580
12 57 580
52 4 580
6 25 580
65 4 581
58 59 581
38 43 581
42 43 581
1 34 581
65 4 582
49 33 582
38 43 582
38 56 582
38 25 582
48 44 582
1 34 582
25 56 582
49 66 583
28 16 583
58 59 583
38 10 583
38 56 583
38 25 583
42 10 583
1 34 583
10 43 583
61 63 583
63 62 583
31 25 583
65 66 584
49 66 584
49 4 584
51 24 584
28 44 584
58 59 584
66 4 584
12 57 584
38 43 584
38 42 584
52 33 584
48 16 584
42 10 584
16 31 584
10 43 584
63 62 584
25 56 584
49 22 585
58 59 585
66 4 585
64 61 585
12 57 585
38 42 585
52 31 585
48 16 585
42 56 585
1 34 585
10 43 585
33 20 585
25 56 585
49 22 586
58 59 586
52 22 586
52 4 586
48 16 586
42 56 586
42 25 586
10 43 586
25 56 586
49 22 587
49 33 587
27 47 587
28 44 587
58 59 587
66 4 587
12 57 587
52 4 587
48 16 587
10 43 587
65 52 588
65 4 588
49 22 588
27 47 588
28 16 588
28 44 588
66 4 588
12 57 588
38 56 588
38 42 588
38 25 588
52 4 588
16 55 588
10 43 588
61 62 588
61 63 588
65 52 589
65 4 589
51 34 589
28 16 589
28 44 589
58 59 589
38 10 589
38 25 589
27 47 589
16 55 589
10 43 589
10 25 589
25 56 589
25 43 589
65 4 590
49 66 590
27 16 590
28 16 590
28 44 590
66 33 590
38 56 590
42 25 590
10 43 590
49 4 591
27 47 591
27 55 591
38 56 591
38 25 591
48 16 591
42 10 591
22 20 591
44 16 591
10 25 591
65 66 592
65 4 592
49 33 592
49 4 592
27 47 592
28 16 592
28 48 592
64 61 592
60 1 592
42 56 592
42 4 592
22 20 592
10 43 592
61 62 592
61 43 592
65 4 593
27 47 593
27 52 593
27 55 593
28 16 593
28 55 593
58 59 593
38 42 593
38 56 593
38 25 593
48 16 593
42 56 593
42 25 593
16 47 593
16 55 593
10 43 593
25 56 593
65 4 594
49 52 594
49 4 594
66 53 594
52 27 594
52 4 594
22 20 594
10 43 594
65 52 595
66 20 595
16 55 595
10 43 595
65 4 596
65 52 596
65 49 596
49 22 596
49 52 596
49 4 596
27 47 596
28 55 596
66 20 596
54 3 596
52 4 596
10 43 596
49 33 597
49 52 597
58 60 597
58 59 597
66 44 597
66 22 597
54 3 597
60 59 597
52 4 597
52 33 597
52 44 597
44 16 597
27 47 597
27 43 597
65 49 598
49 22 598
49 52 598
27 47 598
27 1 598
66 20 598
66 4 598
54 3 598
60 59 598
52 20 598
33 53 598
33 4 598
4 20 598
65 66 599
65 4 599
49 22 599
51 43 599
28 55 599
58 59 599
66 4 599
54 3 599
44 16 599
27 47 599
10 43 599
65 66 600
49 66 600
49 52 600
49 4 600
27 47 600
27 10 600
58 59 600
54 3 600
44 16 600
51 1 600
51 34 600
1 34 600
10 43 600
10 61 600
61 62 600
61 53 600
61 63 600
63 62 600
65 66 601
65 4 601
65 49 601
49 66 601
49 4 601
51 1 601
58 59 601
66 4 601
17 24 601
44 16 601
27 47 601
61 62 601
65 4 602
65 49 602
65 55 602
49 4 602
58 60 602
58 59 602
64 63 602
16 55 602
61 62 602
61 63 602
65 66 603
65 42 603
65 49 603
49 42 603
28 44 603
28 52 603
28 55 603
58 60 603
58 59 603
66 33 603
54 3 603
60 59 603
52 44 603
44 16 603
65 33 604
65 42 604
65 49 604
49 42 604
49 4 604
58 59 604
66 33 604
66 4 604
54 3 604
52 44 604
17 24 604
44 16 604
61 62 604
61 63 604
42 4 604
65 4 605
49 42 605
3 54 605
58 59 605
64 63 605
60 59 605
42 4 605
22 20 605
44 16 605
16 55 605
10 43 605
51 34 605
65 4 606
49 66 606
49 20 606
49 22 606
58 59 606
66 4 606
66 42 606
66 22 606
64 63 606
54 3 606
60 59 606
16 55 606
10 43 606
42 4 606
63 62 606
65 42 607
65 4 607
49 66 607
49 20 607
66 20 607
66 22 607
64 63 607
54 3 607
27 53 607
1 34 607
10 43 607
42 4 607
63 62 607
65 42 608
65 4 608
49 66 608
49 22 608
66 22 608
52 42 608
52 55 608
42 4 608
51 1 608
51 34 608
10 43 608
63 62 608
65 42 609
65 4 609
49 22 609
3 43 609
3 54 609
3 10 609
64 62 609
64 63 609
52 4 609
42 4 609
10 43 609
61 63 609
65 42 610
65 4 610
49 22 610
64 63 610
52 42 610
52 4 610
51 1 610
51 34 610
1 34 610
10 43 610
33 55 610
42 4 610
65 42 611
65 4 611
49 52 611
28 44 611
58 59 611
64 63 611
48 16 611
42 4 611
44 55 611
1 34 611
10 43 611
65 4 612
49 22 612
49 52 612
28 48 612
58 59 612
65 66 613
65 4 613
49 22 613
27 47 613
28 48 613
58 59 613
66 4 613
42 16 613
65 4 614
49 66 614
28 66 614
58 59 614
66 33 614
66 4 614
48 16 614
42 44 614
44 16 614
65 49 615
65 52 615
49 66 615
28 48 615
66 52 615
60 59 615
48 16 615
49 66 616
49 33 616
28 44 616
64 61 616
60 59 616
52 4 616
48 16 616
48 44 616
59 55 616
65 49 617
65 4 617
49 66 617
28 48 617
28 44 617
64 61 617
60 59 617
52 4 617
48 16 617
44 59 617
48 16 618
44 16 618
44 59 618
49 52 619
64 61 619
52 4 619
48 44 619
33 42 619
65 33 620
65 49 620
65 18 620
49 22 620
49 4 620
28 44 620
66 52 620
49 33 621
49 22 621
49 4 621
66 52 621
52 42 621
42 22 621
49 33 622
49 22 622
28 16 622
66 20 622
66 52 622
42 4 622
61 62 622
61 63 622
65 4 623
49 33 623
49 22 623
28 48 623
28 44 623
58 59 623
66 20 623
66 52 623
60 59 623
65 4 624
49 4 624
28 16 624
28 48 624
28 44 624
66 20 624
66 52 624
66 4 624
64 63 624
64 61 624
52 20 624
48 16 624
49 42 625
49 4 625
28 16 625
28 48 625
66 52 625
42 4 625
66 52 626
63 62 626
65 66 627
49 4 627
66 20 627
64 63 627
52 42 627
48 16 627
63 62 627
65 66 628
49 66 628
49 4 628
12 57 628
48 16 628
42 20 628
61 62 628
63 62 628
65 66 629
65 4 629
65 49 629
66 4 629
64 63 629
64 61 629
52 42 629
52 20 629
48 16 629
65 66 630
65 49 630
49 66 630
66 4 630
52 33 630
48 16 630
63 62 630
65 66 631
3 66 631
3 42 631
64 63 631
52 33 631
22 20 631
44 16 631
65 66 632
49 4 632
66 20 632
66 3 632
64 63 632
38 24 632
48 16 632
65 42 633
65 4 633
49 4 633
28 44 633
66 42 633
66 52 633
38 67 633
52 42 633
65 49 634
66 42 634
64 61 634
57 12 634
48 16 634
27 47 635
52 42 635
48 16 635
42 4 635
65 4 636
27 47 636
64 62 636
64 61 636
64 63 636
63 62 636
4 20 636
65 4 637
49 66 637
49 52 637
49 4 637
66 52 637
64 63 637
64 61 637
63 62 637
65 49 638
65 4 638
49 3 638
27 47 638
28 48 638
66 22 638
66 52 638
64 63 638
61 62 638
66 52 639
33 42 639
65 4 640
28 48 640
66 33 640
48 44 641
65 4 642
28 44 642
67 38 642
65 4 643
64 63 643
64 61 643
57 12 643
65 4 644
65 49 644
28 44 644
66 42 644
66 3 644
64 63 644
67 38 644
57 12 644
65 42 645
65 4 645
28 44 645
66 42 645
66 22 645
64 63 645
57 12 645
65 4 646
66 42 646
64 63 646
67 38 646
57 12 646
52 3 646
49 3 647
49 4 647
28 44 647
67 38 647
42 33 647
65 66 648
65 4 648
49 66 648
49 4 648
28 44 648
66 4 648
67 38 648
57 12 648
33 42 648
42 4 648
65 66 649
65 4 649
28 44 649
66 22 649
66 4 649
57 12 649
38 67 649
54 3 649
52 42 649
65 4 650
27 47 650
28 44 650
66 42 650
66 52 650
57 12 650
52 42 650
65 42 651
65 4 651
3 54 651
28 48 651
66 42 651
66 52 651
66 4 651
64 63 651
57 12 651
52 42 651
48 44 651
44 16 651
27 47 651
65 66 652
65 52 652
65 4 652
49 66 652
66 42 652
66 52 652
64 63 652
52 42 652
44 16 652
65 4 653
65 49 653
49 42 653
49 4 653
27 47 653
28 16 653
64 61 653
52 4 653
48 16 653
44 16 653
65 66 654
27 47 654
66 4 654
48 16 654
22 4 654
65 4 655
49 66 655
49 52 655
64 61 655
52 42 655
52 4 655
44 16 655
27 47 655
33 4 655
65 4 656
27 47 656
28 48 656
28 44 656
64 61 656
52 42 656
48 16 656
42 52 657
64 63 657
68 59 657
48 16 657
49 52 658
28 16 658
28 44 658
66 42 658
64 61 658
67 38 658
54 3 658
48 16 658
42 4 658
65 4 659
65 42 659
65 22 659
49 66 659
49 20 659
49 52 659
28 16 659
28 48 659
66 20 659
66 52 659
66 4 659
64 63 659
57 55 659
38 67 659
54 3 659
68 59 659
48 16 659
22 42 659
65 42 660
65 22 660
49 52 660
28 48 660
28 44 660
64 61 660
64 63 660
38 24 660
38 67 660
54 3 660
48 16 660
49 66 661
49 20 661
49 4 661
28 16 661
28 48 661
28 44 661
66 42 661
66 4 661
64 63 661
52 42 661
52 4 661
48 44 661
42 33 661
42 20 661
4 20 661
49 66 662
49 20 662
28 48 662
28 44 662
58 25 662
66 4 662
38 67 662
52 42 662
48 16 662
48 44 662
42 20 662
44 16 662
28 16 663
58 25 663
64 61 663
64 63 663
67 38 663
48 16 663
27 47 663
65 33 664
65 49 664
27 47 664
28 16 664
58 25 664
65 66 665
65 33 665
28 48 665
58 25 665
66 33 665
66 4 665
27 47 665
65 66 666
65 33 666
49 33 666
27 47 666
28 16 666
28 48 666
58 25 666
66 22 666
64 62 666
64 61 666
64 63 666
57 12 666
54 3 666
3 53 666
65 66 667
65 33 667
27 47 667
28 16 667
28 48 667
58 25 667
66 22 667
64 63 667
38 67 667
65 66 668
65 49 668
49 66 668
28 16 668
28 48 668
28 44 668
66 4 668
64 63 668
48 44 668
42 22 668
27 47 668
65 66 669
65 33 669
65 42 669
49 33 669
49 52 669
27 47 669
28 16 669
64 63 669
57 12 669
52 4 669
48 44 669
22 53 669
33 42 669
53 20 669
65 42 670
49 66 670
49 4 670
28 48 670
28 44 670
58 25 670
66 42 670
66 52 670
66 4 670
64 63 670
52 53 670
52 33 670
48 16 670
16 55 670
53 20 670
53 4 670
65 49 671
65 4 671
49 4 671
28 44 671
67 16 671
67 24 671
52 33 671
65 66 672
49 66 672
42 66 672
28 44 672
64 63 672
52 33 672
68 59 672
48 16 672
27 47 672
65 16 673
65 66 673
65 4 673
49 42 673
42 66 673
58 25 673
64 63 673
27 47 673
16 4 673
33 4 673
65 16 674
65 66 674
28 44 674
58 25 674
66 52 674
64 63 674
52 16 674
61 63 674
65 4 675
64 63 675
27 47 675
16 33 675
33 4 675
28 16 676
28 44 676
28 52 676
64 63 676
52 33 676
52 4 676
42 33 676
27 47 676
33 4 676
61 63 676
65 4 677
28 44 677
66 42 677
52 33 677
52 4 677
48 16 677
48 44 677
44 16 677
33 4 677
65 66 678
65 33 678
65 52 678
49 66 678
49 42 678
49 52 678
28 16 678
28 48 678
28 44 678
66 42 678
66 52 678
64 63 678
12 16 678
52 33 678
48 16 678
48 44 678
44 16 678
33 4 678
65 66 679
65 33 679
65 52 679
49 66 679
49 33 679
49 42 679
49 4 679
28 16 679
28 48 679
28 44 679
66 42 679
66 52 679
12 57 679
57 60 679
52 33 679
48 16 679
48 44 679
44 16 679
33 4 679
65 66 680
65 4 680
28 16 680
28 48 680
28 44 680
58 25 680
66 52 680
57 60 680
52 4 680
48 16 680
48 44 680
42 33 680
44 16 680
27 47 680
33 4 680
65 49 681
65 52 681
65 4 681
49 52 681
49 4 681
27 47 681
28 44 681
67 24 681
52 4 681
33 42 681
65 52 682
65 4 682
49 4 682
58 25 682
52 42 682
52 4 682
33 42 682
65 52 683
65 4 683
49 42 683
58 25 683
57 60 683
52 4 683
65 66 684
65 33 684
58 25 684
67 38 684
57 60 684
66 4 685
65 66 686
65 4 686
27 47 686
42 33 686
58 25 687
66 20 687
66 4 687
65 4 688
58 25 688
66 20 688
42 33 688
67 38 689
65 4 690
58 25 690
64 63 690
67 38 690
61 62 690
61 63 690
63 62 690
65 4 691
58 25 691
66 22 691
38 67 691
65 4 692
49 42 692
49 52 692
27 47 692
58 57 692
58 25 692
66 22 692
64 62 692
64 63 692
64 61 692
67 38 692
52 42 692
61 62 692
61 63 692
63 62 692
65 4 693
49 52 693
58 25 693
66 22 693
64 62 693
64 63 693
64 61 693
12 60 693
12 25 693
52 42 693
61 62 693
61 63 693
63 62 693
65 4 694
49 52 694
58 25 694
66 20 694
66 42 694
66 52 694
12 60 694
65 4 695
65 49 695
27 47 695
12 60 695
65 66 696
65 4 696
49 4 696
52 42 696
42 33 696
42 20 696
65 4 697
65 52 697
65 49 697
49 4 697
27 47 697
58 25 697
52 4 697
22 20 697
65 4 698
58 25 698
66 20 698
57 12 698
65 49 699
49 20 699
49 4 699
58 25 699
65 49 700
49 66 700
58 25 700
66 33 700
52 42 700
27 42 701
58 25 701
57 60 701
52 42 701
65 4 702
49 52 702
57 60 702
65 4 703
49 58 703
49 52 703
27 47 703
65 49 704
65 25 704
65 4 704
49 66 704
52 4 704
22 4 704
4 25 704
68 59 705
22 4 705
4 20 705
65 4 706
38 24 706
22 20 706
65 52 707
65 4 707
3 54 707
58 25 707
67 24 707
42 4 707
65 52 708
65 4 708
49 66 708
58 25 708
66 20 708
66 22 708
52 4 708
65 52 709
65 4 709
49 66 709
58 20 709
58 25 709
57 12 709
38 67 709
52 4 709
65 33 710
65 52 710
65 4 710
67 38 710
57 12 710
52 4 710
68 59 710
65 52 711
65 4 711
49 66 711
27 47 711
54 3 711
52 4 711
22 20 711
67 33 711
33 42 711
65 52 712
65 4 712
49 66 712
42 33 712
54 3 712
52 4 712
22 20 712
49 66 713
27 47 713
27 42 713
58 66 713
57 60 713
68 59 713
27 52 714
58 25 714
52 4 714
68 59 714
65 49 715
49 4 715
58 25 715
12 60 715
52 47 715
68 59 715
42 33 715
22 20 715
65 49 716
49 4 716
58 66 716
58 25 716
52 27 716
65 49 717
65 38 717
49 4 717
58 25 717
54 3 717
52 4 717
65 42 718
49 33 718
49 4 718
58 24 718
58 38 718
54 3 718
12 60 718
52 33 718
33 42 718
33 4 718
42 4 718
65 42 719
49 33 719
42 22 719
58 25 719
54 3 719
68 59 719
27 47 719
65 42 720
49 33 720
49 42 720
58 25 720
58 38 720
57 60 720
68 59 720
33 4 720
24 25 720
65 58 721
49 33 721
27 47 721
57 60 721
42 4 721
42 67 721
67 24 721
67 4 721
65 4 722
49 58 722
66 4 722
67 42 722
57 60 722
38 27 722
65 49 723
49 33 723
58 42 723
66 20 723
66 22 723
52 20 723
52 22 723
65 4 724
49 33 724
49 52 724
42 58 724
66 22 724
65 4 725
49 52 725
58 42 725
66 4 725
68 59 725
65 4 726
49 58 726
42 20 726
58 33 726
66 4 726
68 24 726
49 66 727
49 4 727
58 25 727
66 4 727
54 3 727
68 59 727
68 67 727
42 20 727
49 68 728
49 66 728
49 59 728
27 68 728
58 25 728
66 22 728
66 4 728
52 22 728
52 4 728
68 59 728
22 4 728
59 20 728
65 4 729
27 20 729
66 4 729
52 33 729
52 4 729
68 59 729
49 27 730
42 27 730
66 4 730
57 60 730
27 47 730
33 4 730
65 4 731
49 27 731
49 42 731
27 47 731
27 42 731
58 25 731
66 20 731
66 22 731
66 4 731
12 60 731
38 24 731
38 67 731
67 24 731
65 4 732
49 42 732
49 52 732
58 25 732
66 22 732
66 4 732
12 60 732
68 59 732
22 4 732
67 24 732
65 42 733
65 20 733
65 4 733
27 47 733
42 20 733
42 33 733
20 33 733
68 59 733
57 12 733
49 33 734
12 57 734
68 59 734
42 22 734
33 20 734
65 4 735
66 33 735
52 4 735
68 59 735
42 4 735
65 4 736
66 33 736
12 60 736
12 57 736
57 60 736
42 4 736
65 4 737
58 25 737
66 33 737
12 60 737
12 57 737
57 60 737
52 4 737
68 4 737
65 4 738
65 49 738
49 4 738
58 25 738
66 33 738
66 42 738
12 57 738
68 59 738
27 47 738
54 3 739
65 4 739
65 49 739
49 4 739
22 66 739
22 20 739
66 20 739
66 33 739
66 42 739
68 59 739
57 12 739
65 49 740
65 4 740
49 4 740
52 66 740
52 42 740
22 66 740
25 58 740
66 42 740
57 12 740
54 3 741
65 49 741
65 4 741
49 4 741
52 33 741
52 42 741
22 66 741
22 33 741
66 33 741
57 12 741
65 4 742
65 49 742
49 4 742
52 33 742
42 66 742
42 22 742
22 66 742
22 33 742
25 58 742
66 33 742
65 49 743
65 4 743
49 4 743
42 66 743
42 20 743
65 49 744
65 4 744
49 4 744
68 59 744
57 12 744
65 4 745
49 4 745
42 33 745
22 66 745
68 59 745
57 12 745
54 3 746
65 49 746
65 4 746
60 66 746
49 4 746
22 66 746
22 20 746
66 20 746
54 3 747
65 4 747
65 49 747
49 4 747
52 4 747
22 20 747
22 66 747
22 42 747
66 20 747
66 33 747
66 42 747
42 33 747
20 33 747
54 3 748
65 4 748
65 49 748
49 4 748
52 4 748
65 4 749
49 52 749
65 52 750
52 4 750
22 20 750
22 59 750
20 59 750
43 12 750
65 49 751
49 4 751
22 20 751
65 49 752
65 4 752
52 4 752
25 58 752
49 4 754
25 58 754
65 49 755
65 52 756
65 4 756
52 57 756
52 4 756
4 57 756
65 52 757
60 43 757
58 43 757
58 12 758
54 3 759
54 3 760
60 12 760
54 3 762
54 3 766
54 3 768
58 43 768
58 12 768
54 3 769
58 43 769
58 12 769
58 57 769
43 12 769
54 3 770
60 58 770
58 43 770
58 12 770
54 3 771
25 58 771
58 43 771
60 12 772
25 58 772
60 43 773
60 57 773
25 58 773
54 3 774
25 58 774
3 54 775
3 54 776
54 3 777
54 3 778
60 12 779
54 3 782
54 3 783
54 3 785
60 12 789
60 57 789
32 41 790
32 48 791
32 48 792
32 48 794
41 48 794
32 48 795
54 3 795
41 48 795
32 48 796
54 3 801
54 3 802
54 3 805
41 48 806
32 48 807
41 48 807
28 44 807
32 48 808
32 41 809
32 48 809
54 3 809
69 31 809
32 48 810
32 3 810
28 44 811
32 48 812
32 48 813
54 3 813
28 44 813
41 48 815
28 31 815
32 48 816
41 48 816
32 48 817
41 48 818
69 31 818
32 48 819
41 48 819
69 31 819
32 48 820
32 41 821
32 41 822
32 48 823
32 48 824
60 57 824
32 48 825
54 3 826
28 44 826
32 48 827
54 3 827
28 44 827
60 12 828
32 48 829
28 44 830
69 31 830
28 44 831
69 31 831
60 57 832
28 44 832
28 44 833
32 48 834
41 48 834
69 31 834
32 48 835
41 48 835
69 31 835
28 44 836
32 48 837
41 48 837
28 44 837
32 41 838
32 48 838
28 44 838
32 48 839
28 44 839
69 31 839
69 31 840
32 48 841
28 44 841
28 44 844
24 70 845
41 48 845
24 70 848
41 48 848
32 48 849
24 70 849
41 48 849
32 48 850
60 57 850
24 70 850
41 48 850
69 31 850
32 41 851
32 48 851
60 57 851
69 31 851
32 41 852
32 48 852
24 70 852
41 48 852
12 57 852
24 70 853
41 48 853
69 31 853
32 41 854
32 48 854
24 70 854
41 48 854
69 31 854
24 70 855
69 31 855
24 70 856
32 48 857
24 70 857
32 48 858
24 70 858
41 48 858
32 48 859
24 70 859
69 31 859
32 48 860
24 70 860
32 48 861
24 48 861
24 70 861
69 31 861
32 48 862
60 12 862
24 70 862
41 48 862
60 12 863
24 70 863
60 12 864
24 70 864
24 70 865
12 57 865
24 70 866
24 70 867
69 31 868
24 70 869
69 31 869
24 70 870
69 31 870
24 70 872
24 70 873
24 70 874
60 12 875
24 70 875
24 70 876
24 70 879
24 70 880
60 57 881
24 70 881
60 57 882
69 31 884
60 57 892
60 12 893
60 57 893
60 70 893
24 12 893
24 70 893
24 12 894
24 70 894
71 66 895
71 66 896
71 66 897
71 66 898
71 66 900
60 12 901
28 43 901
71 66 902
60 12 902
60 57 902
71 66 903
60 12 903
60 57 903
28 44 904
71 66 905
24 70 905
28 43 905
71 66 906
28 44 907
24 70 908
71 66 909
71 66 911
24 70 911
71 66 912
24 70 912
71 66 913
24 70 913
71 66 914
24 66 914
71 66 915
71 66 916
72 25 916
71 66 917
71 66 920
71 66 921
71 66 922
24 70 922
71 66 923
24 70 923
72 25 923
24 70 924
24 70 925
28 44 925
24 70 926
66 44 926
71 66 927
24 70 927
71 66 928
24 70 928
71 66 929
71 24 929
71 70 929
24 70 929
71 66 930
24 28 930
24 70 930
72 25 930
71 66 931
71 66 932
24 70 932
71 66 933
71 70 933
24 70 933
71 66 934
24 70 934
71 66 935
71 66 936
71 66 937
71 66 938
72 25 938
71 66 939
24 70 939
72 25 939
71 66 940
71 66 941
71 66 942
24 70 945
71 66 946
24 70 947
24 70 948
24 70 951
72 25 951
24 70 952
24 70 953
24 70 954
24 70 955
24 70 956
53 24 957
24 25 957
24 70 957
72 25 957
24 70 958
72 25 958
53 62 959
53 70 959
24 70 959
72 25 959
53 62 960
24 70 960
72 25 960
24 72 961
24 25 961
24 70 961
70 72 961
70 25 961
72 25 961
24 72 962
24 25 962
24 70 962
70 25 962
72 25 962
24 43 965
62 53 966
28 44 970
28 44 971
62 53 977
62 53 978
62 53 979
62 53 981
28 44 984
28 44 985
28 44 986
28 44 987
62 53 988
62 53 994
28 44 995
62 53 997
28 44 997
62 53 998
62 53 999
62 53 1002
62 53 1003
28 44 1005
28 44 1007
28 44 1008
28 44 1009
28 44 1010
28 44 1011
28 44 1013
28 44 1014
28 44 1015
62 53 1016
28 44 1016
28 44 1020
28 44 1021
28 44 1022
28 44 1024
28 44 1026
28 44 1027
28 44 1028
28 44 1029
28 44 1030
28 44 1031
28 44 1032
28 44 1033
28 44 1034
28 44 1035
28 44 1036
28 44 1037
28 48 1040
28 48 1041
62 28 1044
62 53 1044
62 44 1044
53 44 1044
28 44 1044
62 28 1045
62 53 1045
62 44 1045
28 44 1045
62 28 1046
62 44 1046
28 44 1046
62 28 1047
62 44 1047
28 44 1047
62 28 1048
62 44 1048
28 44 1048
62 28 1049
62 44 1049
28 44 1049
53 44 1049
38 67 1092
38 67 1095
38 67 1098
38 67 1099
38 67 1101
38 67 1107
38 67 1109
38 67 1112
38 67 1113
38 67 1114
38 67 1115
38 67 1116
38 67 1118
38 67 1119
38 67 1120
38 67 1121
38 67 1122
38 67 1123
38 67 1124
38 67 1131
38 67 1132
38 67 1135
38 67 1136
27 61 1247
27 61 1248
27 61 1251
27 61 1252
27 61 1253
27 61 1269
64 61 1269
27 61 1270
27 61 1272
27 61 1274
27 61 1279
27 61 1280
24 40 1284
24 40 1285
27 61 1288
27 61 1289
27 61 1290
61 40 1300
24 27 1301
24 40 1301
27 40 1301
27 61 1301
61 40 1301
24 40 1302
27 61 1302
27 61 1303
27 61 1304
27 61 1305
27 61 1306
27 47 1307
27 61 1307
27 47 1308
24 40 1310
24 40 1311
